trial	time_sec	distance
1	0	6.094486
1	1	6.016124
1	2	5.861293
1	3	5.652536
1	4	5.423745
1	5	5.200679
1	6	5.031021
1	7	4.829635
1	8	4.686558
1	9	4.530228
1	10	4.410003
1	11	4.294408
1	12	4.201248
1	13	4.139410
1	14	4.075679
1	15	4.029852
1	16	3.955072
1	17	3.860189
1	18	3.798744
1	19	3.702847
1	20	3.658477
1	21	3.593711
1	22	3.530740
1	23	3.467751
1	24	3.408199
1	25	3.330484
1	26	3.216088
1	27	3.161020
1	28	3.058249
1	29	3.013027
1	30	2.957700
1	31	2.909799
1	32	2.903095
1	33	2.908603
1	34	2.911191
1	35	2.880739
1	36	2.848652
1	37	2.808657
1	38	2.799858
1	39	2.739277
1	40	2.710618
1	41	2.700163
1	42	2.660831
1	43	2.622382
1	44	2.600981
1	45	2.573316
1	46	2.560208
1	47	2.551228
1	48	2.529961
1	49	2.526139
1	50	2.509776
1	51	2.496785
1	52	2.505020
1	53	2.497446
1	54	2.509901
1	55	2.550521
1	56	2.556525
1	57	2.591644
1	58	2.597544
1	59	2.580273
1	60	2.570796
1	61	2.565617
1	62	2.554659
1	63	2.492336
1	64	2.450907
1	65	2.431247
1	66	2.446144
1	67	2.451014
1	68	2.433277
1	69	2.401250
1	70	2.404256
1	71	2.371998
1	72	2.360552
1	73	2.319017
1	74	2.315216
1	75	2.275628
1	76	2.246487
1	77	2.199693
1	78	2.187571
1	79	2.180204
1	80	2.151244
1	81	2.139131
1	82	2.124447
1	83	2.149133
1	84	2.192341
1	85	2.213904
1	86	2.238509
1	87	2.268293
1	88	2.299609
1	89	2.303552
1	90	2.314347
1	91	2.322034
1	92	2.336201
1	93	2.333049
1	94	2.344176
1	95	2.326452
1	96	2.335318
1	97	2.332969
1	98	2.348386
1	99	2.354852
1	100	2.353906
1	101	2.355583
1	102	2.339745
1	103	2.319881
1	104	2.298289
1	105	2.275058
1	106	2.274418
1	107	2.275748
1	108	2.270589
1	109	2.282493
1	110	2.288738
1	111	2.287383
1	112	2.303262
1	113	2.328572
1	114	2.339063
1	115	2.343567
1	116	2.331597
1	117	2.312383
1	118	2.290201
1	119	2.264107
1	120	2.257267
1	121	2.217961
1	122	2.243794
1	123	2.231128
1	124	2.257932
1	125	2.293433
1	126	2.300053
1	127	2.288557
1	128	2.280867
1	129	2.246700
1	130	2.265437
1	131	2.267571
1	132	2.268513
1	133	2.286802
1	134	2.277497
1	135	2.281540
1	136	2.236517
1	137	2.208313
1	138	2.150838
1	139	2.161521
1	140	2.172245
1	141	2.194870
1	142	2.197095
1	143	2.196450
1	144	2.223370
1	145	2.223452
1	146	2.250254
1	147	2.263636
1	148	2.285883
1	149	2.277827
1	150	2.275018
1	151	2.296676
1	152	2.300027
1	153	2.299101
1	154	2.279308
1	155	2.263113
1	156	2.265323
1	157	2.250172
1	158	2.235133
1	159	2.220425
1	160	2.227223
1	161	2.236178
1	162	2.234699
1	163	2.223758
1	164	2.217913
1	165	2.195287
1	166	2.191988
1	167	2.214579
1	168	2.223650
1	169	2.246321
1	170	2.263756
1	171	2.259448
1	172	2.257956
1	173	2.265283
1	174	2.251418
1	175	2.221329
1	176	2.207777
1	177	2.182400
1	178	2.196242
1	179	2.187047
1	180	2.183503
1	181	2.191496
1	182	2.213402
1	183	2.224322
1	184	2.229331
1	185	2.233213
1	186	2.263239
1	187	2.257270
1	188	2.272245
1	189	2.264492
1	190	2.266551
1	191	2.255342
1	192	2.253000
1	193	2.222218
1	194	2.205332
1	195	2.209371
1	196	2.235684
1	197	2.233908
1	198	2.197152
1	199	2.168221
1	200	2.149028
1	201	2.175709
1	202	2.212054
1	203	2.223444
1	204	2.237161
1	205	2.245261
1	206	2.251740
1	207	2.275609
1	208	2.283900
1	209	2.270981
1	210	2.268505
1	211	2.287358
1	212	2.283555
1	213	2.298732
1	214	2.328274
1	215	2.346663
1	216	2.307175
1	217	2.261759
1	218	2.242385
1	219	2.158904
1	220	2.124843
1	221	2.079249
1	222	2.023426
1	223	2.018817
1	224	1.991026
1	225	1.955991
1	226	1.956600
1	227	1.916745
1	228	1.891021
1	229	1.861982
1	230	1.859111
1	231	1.857740
1	232	1.851085
1	233	1.863955
1	234	1.918212
1	235	1.954451
1	236	1.978135
1	237	1.974206
1	238	1.984342
1	239	1.972981
1	240	1.951461
1	241	1.913775
1	242	1.923034
1	243	1.904417
1	244	1.916376
1	245	1.900218
1	246	1.909202
1	247	1.926874
1	248	1.911234
1	249	1.904711
1	250	1.904541
1	251	1.900505
1	252	1.883172
1	253	1.882195
1	254	1.864208
1	255	1.852155
1	256	1.835973
1	257	1.869522
1	258	1.872403
1	259	1.831808
1	260	1.852780
1	261	1.870700
1	262	1.893056
1	263	1.898214
1	264	1.918997
1	265	1.906136
1	266	1.911415
1	267	1.880713
1	268	1.854965
1	269	1.806473
1	270	1.777635
1	271	1.785296
1	272	1.772532
1	273	1.753634
1	274	1.755845
1	275	1.762495
1	276	1.769957
1	277	1.758110
1	278	1.738301
1	279	1.754186
1	280	1.738973
1	281	1.705400
1	282	1.696464
1	283	1.663402
1	284	1.636590
1	285	1.643645
1	286	1.653295
1	287	1.651368
1	288	1.661538
1	289	1.665495
1	290	1.677905
1	291	1.693207
1	292	1.715814
1	293	1.724937
1	294	1.723987
1	295	1.709053
1	296	1.694634
1	297	1.689936
1	298	1.694305
1	299	1.706627
2	0	6.043661
2	1	5.990177
2	2	5.899274
2	3	5.733268
2	4	5.535761
2	5	5.386300
2	6	5.231436
2	7	5.102056
2	8	4.961673
2	9	4.792744
2	10	4.639309
2	11	4.489586
2	12	4.341645
2	13	4.195796
2	14	4.053468
2	15	3.935643
2	16	3.824160
2	17	3.739540
2	18	3.654750
2	19	3.596525
2	20	3.544775
2	21	3.508272
2	22	3.462443
2	23	3.415251
2	24	3.337476
2	25	3.303751
2	26	3.273721
2	27	3.239969
2	28	3.164472
2	29	3.119149
2	30	3.078424
2	31	3.027803
2	32	2.972771
2	33	2.905939
2	34	2.894391
2	35	2.871275
2	36	2.831312
2	37	2.761163
2	38	2.735409
2	39	2.708959
2	40	2.690167
2	41	2.653716
2	42	2.597461
2	43	2.518839
2	44	2.433779
2	45	2.349216
2	46	2.269261
2	47	2.210738
2	48	2.125257
2	49	2.043496
2	50	1.956080
2	51	1.883976
2	52	1.852203
2	53	1.799257
2	54	1.747065
2	55	1.690830
2	56	1.630849
2	57	1.559827
2	58	1.517934
2	59	1.430914
2	60	1.351252
2	61	1.294466
2	62	1.225863
2	63	1.140546
2	64	1.063622
2	65	1.025173
2	66	0.983073
2	67	0.927370
2	68	0.880106
2	69	0.815165
2	70	0.742033
2	71	0.677982
2	72	0.620599
2	73	0.574890
2	74	0.541883
2	75	0.491177
2	76	0.453525
2	77	0.463674
2	78	0.431790
2	79	0.415889
2	80	0.383809
2	81	0.369640
2	82	0.329004
2	83	0.277907
2	84	0.200950
2	85	0.139718
2	86	0.095713
2	87	0.090416
2	88	0.156452
2	89	0.203929
2	90	0.257130
2	91	0.312231
2	92	0.347771
2	93	0.369138
2	94	0.378160
2	95	0.382695
2	96	0.375471
2	97	0.342504
2	98	0.311869
2	99	0.282559
2	100	0.236499
2	101	0.195226
2	102	0.158611
2	103	0.113288
2	104	0.094722
2	105	0.112385
2	106	0.153368
2	107	0.134693
2	108	0.156939
2	109	0.200641
2	110	0.213657
2	111	0.233252
2	112	0.244974
2	113	0.248729
2	114	0.254960
2	115	0.268207
2	116	0.248369
2	117	0.208917
2	118	0.168181
2	119	0.137585
2	120	0.110237
2	121	0.113398
2	122	0.092718
2	123	0.067594
2	124	0.040448
2	125	0.037221
2	126	0.098732
2	127	0.156603
2	128	0.163118
2	129	0.184499
2	130	0.196424
2	131	0.211703
2	132	0.233302
2	133	0.220333
2	134	0.222981
2	135	0.224889
2	136	0.237710
2	137	0.230497
2	138	0.252707
2	139	0.279623
2	140	0.326106
2	141	0.324617
2	142	0.330969
2	143	0.332233
2	144	0.381374
2	145	0.412915
2	146	0.449138
2	147	0.452591
2	148	0.454044
2	149	0.459942
2	150	0.458908
2	151	0.449790
2	152	0.459589
2	153	0.464701
2	154	0.462011
2	155	0.483965
2	156	0.496216
2	157	0.482073
2	158	0.458667
2	159	0.448939
2	160	0.425056
2	161	0.401703
2	162	0.376581
2	163	0.391107
2	164	0.395089
2	165	0.381660
2	166	0.392739
2	167	0.365592
2	168	0.319853
2	169	0.309316
2	170	0.336705
2	171	0.351432
2	172	0.366881
2	173	0.389434
2	174	0.423415
2	175	0.430030
2	176	0.439293
2	177	0.478870
2	178	0.467136
2	179	0.464283
2	180	0.458943
2	181	0.425294
2	182	0.401130
2	183	0.381304
2	184	0.352838
2	185	0.316036
2	186	0.309029
2	187	0.294647
2	188	0.286761
2	189	0.280757
2	190	0.254908
2	191	0.221725
2	192	0.205012
2	193	0.211707
2	194	0.229166
2	195	0.246545
2	196	0.256236
2	197	0.270831
2	198	0.241829
2	199	0.197911
2	200	0.179433
2	201	0.186356
2	202	0.158175
2	203	0.129481
2	204	0.130961
2	205	0.126268
2	206	0.138043
2	207	0.195771
2	208	0.206132
2	209	0.253699
2	210	0.298589
2	211	0.348685
2	212	0.401225
2	213	0.445826
2	214	0.484409
2	215	0.526176
2	216	0.538347
2	217	0.538705
2	218	0.502551
2	219	0.496419
2	220	0.473562
2	221	0.490752
2	222	0.477943
2	223	0.500847
2	224	0.505237
2	225	0.489722
2	226	0.487936
2	227	0.485738
2	228	0.458447
2	229	0.439302
2	230	0.414681
2	231	0.407668
2	232	0.407167
2	233	0.399581
2	234	0.387185
2	235	0.387139
2	236	0.385659
2	237	0.394980
2	238	0.404211
2	239	0.429195
2	240	0.441157
2	241	0.457236
2	242	0.447684
2	243	0.448420
2	244	0.443048
2	245	0.460055
2	246	0.461695
2	247	0.468295
2	248	0.450644
2	249	0.456313
2	250	0.446724
2	251	0.461081
2	252	0.439638
2	253	0.441010
2	254	0.440658
2	255	0.440767
2	256	0.440541
2	257	0.460200
2	258	0.461136
2	259	0.484445
2	260	0.512884
2	261	0.511647
2	262	0.519540
2	263	0.522078
2	264	0.544171
2	265	0.565034
2	266	0.585336
2	267	0.603624
2	268	0.606431
2	269	0.575446
2	270	0.559645
2	271	0.534569
2	272	0.556988
2	273	0.577142
2	274	0.554529
2	275	0.555959
2	276	0.571917
2	277	0.541782
2	278	0.508455
2	279	0.487480
2	280	0.455508
2	281	0.452596
2	282	0.416411
2	283	0.408936
2	284	0.397569
2	285	0.398704
2	286	0.395025
2	287	0.423526
2	288	0.446598
2	289	0.479988
2	290	0.519264
2	291	0.530306
2	292	0.576046
2	293	0.602768
2	294	0.617441
2	295	0.620607
2	296	0.654793
2	297	0.705630
2	298	0.739486
2	299	0.754618
3	0	6.172425
3	1	6.140154
3	2	5.976267
3	3	5.769225
3	4	5.541566
3	5	5.337352
3	6	5.163715
3	7	4.982696
3	8	4.780964
3	9	4.568839
3	10	4.396077
3	11	4.260905
3	12	4.116515
3	13	4.020813
3	14	3.966666
3	15	3.914865
3	16	3.881774
3	17	3.819765
3	18	3.790841
3	19	3.720053
3	20	3.653884
3	21	3.594343
3	22	3.532685
3	23	3.473776
3	24	3.395415
3	25	3.320115
3	26	3.251632
3	27	3.205925
3	28	3.175792
3	29	3.125187
3	30	3.028278
3	31	2.958234
3	32	2.881607
3	33	2.813787
3	34	2.771149
3	35	2.701933
3	36	2.635018
3	37	2.575662
3	38	2.521458
3	39	2.466211
3	40	2.404266
3	41	2.404534
3	42	2.405238
3	43	2.407282
3	44	2.413552
3	45	2.390775
3	46	2.344311
3	47	2.303107
3	48	2.228653
3	49	2.183751
3	50	2.170692
3	51	2.144517
3	52	2.134501
3	53	2.112419
3	54	2.091650
3	55	2.082348
3	56	2.043704
3	57	2.078367
3	58	2.055819
3	59	2.046209
3	60	2.021082
3	61	2.004810
3	62	1.996332
3	63	1.983727
3	64	1.954598
3	65	1.896222
3	66	1.856114
3	67	1.848985
3	68	1.840098
3	69	1.780314
3	70	1.729411
3	71	1.700001
3	72	1.649528
3	73	1.615490
3	74	1.586770
3	75	1.561359
3	76	1.545960
3	77	1.507423
3	78	1.468978
3	79	1.428223
3	80	1.361033
3	81	1.291740
3	82	1.245995
3	83	1.186467
3	84	1.146976
3	85	1.124526
3	86	1.091014
3	87	1.085980
3	88	1.052739
3	89	1.020576
3	90	1.024483
3	91	0.982271
3	92	0.987692
3	93	0.965058
3	94	0.950869
3	95	0.930353
3	96	0.933882
3	97	0.953250
3	98	0.971929
3	99	0.942524
3	100	0.932628
3	101	0.904433
3	102	0.880495
3	103	0.857248
3	104	0.828129
3	105	0.798786
3	106	0.760012
3	107	0.740243
3	108	0.738984
3	109	0.743690
3	110	0.725505
3	111	0.733614
3	112	0.732726
3	113	0.741772
3	114	0.777774
3	115	0.805792
3	116	0.820407
3	117	0.810588
3	118	0.800546
3	119	0.818338
3	120	0.809721
3	121	0.795273
3	122	0.768519
3	123	0.780691
3	124	0.774618
3	125	0.720120
3	126	0.713486
3	127	0.689625
3	128	0.669429
3	129	0.642650
3	130	0.600566
3	131	0.555468
3	132	0.527792
3	133	0.508854
3	134	0.527056
3	135	0.539163
3	136	0.561660
3	137	0.588179
3	138	0.624619
3	139	0.652949
3	140	0.667844
3	141	0.655936
3	142	0.647680
3	143	0.633394
3	144	0.637295
3	145	0.649205
3	146	0.696512
3	147	0.695964
3	148	0.697097
3	149	0.688675
3	150	0.674123
3	151	0.645621
3	152	0.655765
3	153	0.644128
3	154	0.663487
3	155	0.655069
3	156	0.625155
3	157	0.613606
3	158	0.647446
3	159	0.605575
3	160	0.587790
3	161	0.560871
3	162	0.542974
3	163	0.480150
3	164	0.469177
3	165	0.409106
3	166	0.351896
3	167	0.265420
3	168	0.174378
3	169	0.093908
3	170	0.068409
3	171	0.093769
3	172	0.152000
3	173	0.235186
3	174	0.286466
3	175	0.362680
3	176	0.450183
3	177	0.501219
3	178	0.561141
3	179	0.612629
3	180	0.635346
3	181	0.654491
3	182	0.681989
3	183	0.700560
3	184	0.701862
3	185	0.690810
3	186	0.685873
3	187	0.675881
3	188	0.633007
3	189	0.590962
3	190	0.564544
3	191	0.542979
3	192	0.501885
3	193	0.506144
3	194	0.511483
3	195	0.512824
3	196	0.494824
3	197	0.498485
3	198	0.480717
3	199	0.482022
3	200	0.475800
3	201	0.458289
3	202	0.461642
3	203	0.448587
3	204	0.451201
3	205	0.440123
3	206	0.437396
3	207	0.420245
3	208	0.417505
3	209	0.412137
3	210	0.398979
3	211	0.389144
3	212	0.369671
3	213	0.367168
3	214	0.357966
3	215	0.360438
3	216	0.375779
3	217	0.383235
3	218	0.387291
3	219	0.401613
3	220	0.402347
3	221	0.404624
3	222	0.389085
3	223	0.364594
3	224	0.348447
3	225	0.344267
3	226	0.313366
3	227	0.305754
3	228	0.303827
3	229	0.311935
3	230	0.306245
3	231	0.336093
3	232	0.306091
3	233	0.309883
3	234	0.265784
3	235	0.253445
3	236	0.235835
3	237	0.222029
3	238	0.208892
3	239	0.208069
3	240	0.186851
3	241	0.140710
3	242	0.127328
3	243	0.105806
3	244	0.082741
3	245	0.071550
3	246	0.094848
3	247	0.117313
3	248	0.129211
3	249	0.135393
3	250	0.164496
3	251	0.192101
3	252	0.227169
3	253	0.228733
3	254	0.237487
3	255	0.231778
3	256	0.218305
3	257	0.239020
3	258	0.262373
3	259	0.283553
3	260	0.273128
3	261	0.250547
3	262	0.189763
3	263	0.188066
3	264	0.188291
3	265	0.162820
3	266	0.143954
3	267	0.127880
3	268	0.133037
3	269	0.180659
3	270	0.188106
3	271	0.202119
3	272	0.234653
3	273	0.240428
3	274	0.247499
3	275	0.260353
3	276	0.296127
3	277	0.322092
3	278	0.371200
3	279	0.405820
3	280	0.421848
3	281	0.443787
3	282	0.473491
3	283	0.505911
3	284	0.536936
3	285	0.545309
3	286	0.566417
3	287	0.585461
3	288	0.605395
3	289	0.604985
3	290	0.615853
3	291	0.629351
3	292	0.626807
3	293	0.647551
3	294	0.655566
3	295	0.655563
3	296	0.621940
3	297	0.606620
3	298	0.615236
3	299	0.624651
