trial	time_sec	distance
1	0	5.123649
1	1	5.032432
1	2	4.829164
1	3	4.650636
1	4	4.508233
1	5	4.319374
1	6	4.136434
1	7	3.948793
1	8	3.780999
1	9	3.671747
1	10	3.545417
1	11	3.439149
1	12	3.399436
1	13	3.342813
1	14	3.327044
1	15	3.299335
1	16	3.289776
1	17	3.279555
1	18	3.278429
1	19	3.288878
1	20	3.269863
1	21	3.240356
1	22	3.222737
1	23	3.212386
1	24	3.183601
1	25	3.158268
1	26	3.134444
1	27	3.140142
1	28	3.123593
1	29	3.087736
1	30	3.076717
1	31	3.084787
1	32	3.024182
1	33	3.012777
1	34	3.015588
1	35	2.987381
1	36	2.999252
1	37	2.949437
1	38	2.926331
1	39	2.930906
1	40	2.909820
1	41	2.898090
1	42	2.916051
1	43	2.896341
1	44	2.899322
1	45	2.840504
1	46	2.830059
1	47	2.821574
1	48	2.802384
1	49	2.781387
1	50	2.750135
1	51	2.704544
1	52	2.678920
1	53	2.678866
1	54	2.682091
1	55	2.673089
1	56	2.650967
1	57	2.651552
1	58	2.679758
1	59	2.644478
1	60	2.583437
1	61	2.562420
1	62	2.545842
1	63	2.567805
1	64	2.596247
1	65	2.614794
1	66	2.586125
1	67	2.551706
1	68	2.497261
1	69	2.448135
1	70	2.419915
1	71	2.389998
1	72	2.386367
1	73	2.393635
1	74	2.370826
1	75	2.333675
1	76	2.281902
1	77	2.269472
1	78	2.283158
1	79	2.316848
1	80	2.335528
1	81	2.344914
1	82	2.321908
1	83	2.295978
1	84	2.245460
1	85	2.227736
1	86	2.186595
1	87	2.126026
1	88	2.051681
1	89	2.007944
1	90	1.966929
1	91	1.946932
1	92	1.900959
1	93	1.892658
1	94	1.901153
1	95	1.840814
1	96	1.810072
1	97	1.765828
1	98	1.670150
1	99	1.586250
1	100	1.499570
1	101	1.408314
1	102	1.326412
1	103	1.229735
1	104	1.150524
1	105	1.059647
1	106	0.949541
1	107	0.888532
1	108	0.840459
1	109	0.839685
1	110	0.856960
1	111	0.872688
1	112	0.898450
1	113	0.903372
1	114	0.898869
1	115	0.890279
1	116	0.858722
1	117	0.845457
1	118	0.808152
1	119	0.778744
1	120	0.758316
1	121	0.717685
1	122	0.673189
1	123	0.655123
1	124	0.618170
1	125	0.595454
1	126	0.576192
1	127	0.552859
1	128	0.544847
1	129	0.483658
1	130	0.464068
1	131	0.446519
1	132	0.443091
1	133	0.393251
1	134	0.367543
1	135	0.411748
1	136	0.378862
1	137	0.366082
1	138	0.330738
1	139	0.331040
1	140	0.303555
1	141	0.339991
1	142	0.284137
1	143	0.262475
1	144	0.282090
1	145	0.258100
1	146	0.239485
1	147	0.252819
1	148	0.236066
1	149	0.290881
1	150	0.292134
1	151	0.253988
1	152	0.262864
1	153	0.246640
1	154	0.256264
1	155	0.263810
1	156	0.274491
1	157	0.278857
1	158	0.285955
1	159	0.286125
1	160	0.280068
1	161	0.285031
1	162	0.290818
1	163	0.295718
1	164	0.283311
1	165	0.287094
1	166	0.285891
1	167	0.275238
1	168	0.290172
1	169	0.296686
1	170	0.316059
1	171	0.314256
1	172	0.318643
1	173	0.341185
1	174	0.360474
1	175	0.328775
1	176	0.316880
1	177	0.297421
1	178	0.300494
1	179	0.290593
1	180	0.316138
1	181	0.326913
1	182	0.345829
1	183	0.381886
1	184	0.430223
1	185	0.462396
1	186	0.464562
1	187	0.488040
1	188	0.476721
1	189	0.468531
1	190	0.425011
1	191	0.424148
1	192	0.395220
1	193	0.368539
1	194	0.334935
1	195	0.343256
1	196	0.342811
1	197	0.350067
1	198	0.357689
1	199	0.384337
1	200	0.380671
1	201	0.418636
1	202	0.399997
1	203	0.444448
1	204	0.450110
1	205	0.453867
1	206	0.480161
1	207	0.462305
1	208	0.454910
1	209	0.388913
1	210	0.408407
1	211	0.402669
1	212	0.411831
1	213	0.416083
1	214	0.421106
1	215	0.432599
1	216	0.385461
1	217	0.380116
1	218	0.352044
1	219	0.373630
1	220	0.367317
1	221	0.362538
1	222	0.363218
1	223	0.354702
1	224	0.361786
1	225	0.376814
1	226	0.349135
1	227	0.348012
1	228	0.364590
1	229	0.362485
1	230	0.333367
1	231	0.322719
1	232	0.304072
1	233	0.310672
1	234	0.302400
1	235	0.279198
1	236	0.276403
1	237	0.256411
1	238	0.250969
1	239	0.223520
1	240	0.215571
1	241	0.199083
1	242	0.174117
1	243	0.175494
1	244	0.130806
1	245	0.110164
1	246	0.104848
1	247	0.068317
1	248	0.078865
1	249	0.117651
1	250	0.184675
1	251	0.247275
1	252	0.284153
1	253	0.343205
1	254	0.396639
1	255	0.447404
1	256	0.503423
1	257	0.545274
1	258	0.556102
1	259	0.542222
1	260	0.496306
1	261	0.487266
1	262	0.457519
1	263	0.415678
1	264	0.361282
1	265	0.308999
1	266	0.249107
1	267	0.227457
1	268	0.150082
1	269	0.126190
1	270	0.119341
1	271	0.159787
1	272	0.228947
1	273	0.315131
1	274	0.380149
1	275	0.443002
1	276	0.500470
1	277	0.572795
1	278	0.608136
1	279	0.613765
1	280	0.605744
1	281	0.589581
1	282	0.547173
1	283	0.529765
1	284	0.496465
1	285	0.457115
1	286	0.461486
1	287	0.439896
1	288	0.459718
1	289	0.436542
1	290	0.431308
1	291	0.413910
1	292	0.420846
1	293	0.357325
1	294	0.344842
1	295	0.318304
1	296	0.280950
1	297	0.250116
1	298	0.244442
1	299	0.221434
2	0	4.986615
2	1	4.987399
2	2	4.912986
2	3	4.828797
2	4	4.683480
2	5	4.554392
2	6	4.433473
2	7	4.280818
2	8	4.138673
2	9	4.041470
2	10	3.954854
2	11	3.865191
2	12	3.790662
2	13	3.723958
2	14	3.669141
2	15	3.617298
2	16	3.556360
2	17	3.515281
2	18	3.480787
2	19	3.488220
2	20	3.501609
2	21	3.488531
2	22	3.472965
2	23	3.452483
2	24	3.437885
2	25	3.379263
2	26	3.346238
2	27	3.289595
2	28	3.273536
2	29	3.225606
2	30	3.189317
2	31	3.147907
2	32	3.155564
2	33	3.166081
2	34	3.158898
2	35	3.184218
2	36	3.214254
2	37	3.205555
2	38	3.167114
2	39	3.175319
2	40	3.154094
2	41	3.168252
2	42	3.161451
2	43	3.126072
2	44	3.104116
2	45	3.101330
2	46	3.082544
2	47	3.059985
2	48	3.021391
2	49	2.987826
2	50	2.998084
2	51	3.010015
2	52	2.993393
2	53	2.971101
2	54	2.955740
2	55	2.954744
2	56	2.967926
2	57	2.961899
2	58	2.921477
2	59	2.901682
2	60	2.872257
2	61	2.838306
2	62	2.849301
2	63	2.852295
2	64	2.835349
2	65	2.787053
2	66	2.767866
2	67	2.704492
2	68	2.676246
2	69	2.657230
2	70	2.634523
2	71	2.603219
2	72	2.547339
2	73	2.500858
2	74	2.449932
2	75	2.390699
2	76	2.333762
2	77	2.326208
2	78	2.306086
2	79	2.271102
2	80	2.237837
2	81	2.206153
2	82	2.169299
2	83	2.084650
2	84	2.060500
2	85	2.016663
2	86	2.014018
2	87	2.043365
2	88	1.991649
2	89	1.961794
2	90	1.891493
2	91	1.775353
2	92	1.733168
2	93	1.665725
2	94	1.606388
2	95	1.547419
2	96	1.473491
2	97	1.412036
2	98	1.357768
2	99	1.314339
2	100	1.220500
2	101	1.171965
2	102	1.097009
2	103	1.015230
2	104	0.944848
2	105	0.866290
2	106	0.791492
2	107	0.724163
2	108	0.665910
2	109	0.643608
2	110	0.624198
2	111	0.627876
2	112	0.636515
2	113	0.649724
2	114	0.613213
2	115	0.549862
2	116	0.457167
2	117	0.390303
2	118	0.338670
2	119	0.303132
2	120	0.293445
2	121	0.288975
2	122	0.265484
2	123	0.239718
2	124	0.234267
2	125	0.223234
2	126	0.207407
2	127	0.200842
2	128	0.181062
2	129	0.163708
2	130	0.130270
2	131	0.124174
2	132	0.082469
2	133	0.091540
2	134	0.101886
2	135	0.123079
2	136	0.144278
2	137	0.161266
2	138	0.170628
2	139	0.159057
2	140	0.157760
2	141	0.167654
2	142	0.191676
2	143	0.227963
2	144	0.268037
2	145	0.294082
2	146	0.296161
2	147	0.304537
2	148	0.299027
2	149	0.295754
2	150	0.288688
2	151	0.291670
2	152	0.296276
2	153	0.275321
2	154	0.262061
2	155	0.249672
2	156	0.243666
2	157	0.237825
2	158	0.227241
2	159	0.227660
2	160	0.254903
2	161	0.270189
2	162	0.306545
2	163	0.313330
2	164	0.333834
2	165	0.341174
2	166	0.349796
2	167	0.368365
2	168	0.392437
2	169	0.412147
2	170	0.398130
2	171	0.384245
2	172	0.396026
2	173	0.393248
2	174	0.367146
2	175	0.409674
2	176	0.438617
2	177	0.442807
2	178	0.440356
2	179	0.421695
2	180	0.395065
2	181	0.390277
2	182	0.394951
2	183	0.412462
2	184	0.431043
2	185	0.463740
2	186	0.479627
2	187	0.511414
2	188	0.487159
2	189	0.445034
2	190	0.435771
2	191	0.440718
2	192	0.427086
2	193	0.402643
2	194	0.389357
2	195	0.370758
2	196	0.354090
2	197	0.310319
2	198	0.304616
2	199	0.289113
2	200	0.283660
2	201	0.229270
2	202	0.212017
2	203	0.159856
2	204	0.153069
2	205	0.196960
2	206	0.247480
2	207	0.284069
2	208	0.318513
2	209	0.360839
2	210	0.404164
2	211	0.438324
2	212	0.474378
2	213	0.528287
2	214	0.522565
2	215	0.521473
2	216	0.506564
2	217	0.494111
2	218	0.493769
2	219	0.481027
2	220	0.483525
2	221	0.471891
2	222	0.473773
2	223	0.419225
2	224	0.421182
2	225	0.423337
2	226	0.446886
2	227	0.478333
2	228	0.489346
2	229	0.535830
2	230	0.559629
2	231	0.541444
2	232	0.527039
2	233	0.497721
2	234	0.466697
2	235	0.455624
2	236	0.434243
2	237	0.441930
2	238	0.439690
2	239	0.417957
2	240	0.406518
2	241	0.391255
2	242	0.383435
2	243	0.377738
2	244	0.361698
2	245	0.344578
2	246	0.347888
2	247	0.347590
2	248	0.343203
2	249	0.327209
2	250	0.321514
2	251	0.328417
2	252	0.329393
2	253	0.314423
2	254	0.319174
2	255	0.308119
2	256	0.309024
2	257	0.313573
2	258	0.323782
2	259	0.302850
2	260	0.297903
2	261	0.298925
2	262	0.315844
2	263	0.328800
2	264	0.331617
2	265	0.357894
2	266	0.367816
2	267	0.375894
2	268	0.391117
2	269	0.387927
2	270	0.401757
2	271	0.410535
2	272	0.402657
2	273	0.406165
2	274	0.386883
2	275	0.388423
2	276	0.394746
2	277	0.376209
2	278	0.378104
2	279	0.360645
2	280	0.355658
2	281	0.347690
2	282	0.357270
2	283	0.365064
2	284	0.364308
2	285	0.348530
2	286	0.341637
2	287	0.313404
2	288	0.308878
2	289	0.302298
2	290	0.296307
2	291	0.306464
2	292	0.325394
2	293	0.338852
2	294	0.319824
2	295	0.343034
2	296	0.344247
2	297	0.360411
2	298	0.378894
2	299	0.387445
3	0	5.058511
3	1	4.991958
3	2	4.834164
3	3	4.658649
3	4	4.492379
3	5	4.306256
3	6	4.126725
3	7	3.986831
3	8	3.844249
3	9	3.696531
3	10	3.600701
3	11	3.493348
3	12	3.483247
3	13	3.424628
3	14	3.393633
3	15	3.381287
3	16	3.372492
3	17	3.351497
3	18	3.362542
3	19	3.329081
3	20	3.290537
3	21	3.276871
3	22	3.254458
3	23	3.183233
3	24	3.198646
3	25	3.159362
3	26	3.102538
3	27	3.072305
3	28	3.047081
3	29	3.025206
3	30	2.968608
3	31	3.006253
3	32	3.013953
3	33	3.042231
3	34	3.055325
3	35	3.022490
3	36	2.977178
3	37	2.984931
3	38	2.971143
3	39	2.928699
3	40	2.860366
3	41	2.832697
3	42	2.790858
3	43	2.763049
3	44	2.748246
3	45	2.736964
3	46	2.748450
3	47	2.737742
3	48	2.701716
3	49	2.664199
3	50	2.639351
3	51	2.588191
3	52	2.552181
3	53	2.529620
3	54	2.536400
3	55	2.509787
3	56	2.432364
3	57	2.395008
3	58	2.309020
3	59	2.222603
3	60	2.174747
3	61	2.146706
3	62	2.120870
3	63	2.067603
3	64	1.992996
3	65	1.940056
3	66	1.853781
3	67	1.774488
3	68	1.699097
3	69	1.623519
3	70	1.514490
3	71	1.431323
3	72	1.347173
3	73	1.274477
3	74	1.187914
3	75	1.078812
3	76	0.977701
3	77	0.871303
3	78	0.765616
3	79	0.682447
3	80	0.575754
3	81	0.489482
3	82	0.471329
3	83	0.452303
3	84	0.455249
3	85	0.455102
3	86	0.462759
3	87	0.470856
3	88	0.470861
3	89	0.514312
3	90	0.561279
3	91	0.597494
3	92	0.633385
3	93	0.665527
3	94	0.690661
3	95	0.709273
3	96	0.716713
3	97	0.692161
3	98	0.683181
3	99	0.654755
3	100	0.610297
3	101	0.561688
3	102	0.517887
3	103	0.443138
3	104	0.396679
3	105	0.321816
3	106	0.276150
3	107	0.250094
3	108	0.208244
3	109	0.235503
3	110	0.268749
3	111	0.280677
3	112	0.268196
3	113	0.226469
3	114	0.160492
3	115	0.426754
3	116	0.412179
3	117	0.440824
3	118	0.417905
3	119	0.407903
3	120	0.425976
3	121	0.418147
3	122	0.448174
3	123	0.453644
3	124	0.523692
3	125	0.562761
3	126	0.628198
3	127	0.689450
3	128	0.762070
3	129	0.859271
3	130	0.949988
3	131	1.017751
3	132	1.107403
3	133	1.202526
3	134	1.276858
3	135	1.343587
3	136	1.425708
3	137	1.476247
3	138	1.570006
3	139	1.669384
3	140	1.762417
3	141	1.858518
3	142	1.963436
3	143	2.074135
3	144	2.159054
3	145	2.183510
3	146	2.237802
3	147	2.283753
3	148	2.299412
3	149	2.341350
3	150	2.361194
3	151	2.382551
3	152	2.412277
3	153	2.408845
3	154	2.377290
3	155	2.384638
3	156	2.398266
3	157	2.415664
3	158	2.436874
3	159	2.451107
3	160	2.459943
3	161	2.466664
3	162	2.445848
3	163	2.450172
3	164	2.437908
3	165	2.421912
3	166	2.406796
3	167	2.384149
3	168	2.367887
3	169	2.345776
3	170	2.343494
3	171	2.312911
3	172	2.298686
3	173	2.299917
3	174	2.262509
3	175	2.219285
3	176	2.234563
3	177	2.257199
3	178	2.258616
3	179	2.260098
3	180	2.236692
3	181	2.186496
3	182	2.213022
3	183	2.217766
3	184	2.214694
3	185	2.209211
3	186	2.191258
3	187	2.170389
3	188	2.147604
3	189	2.108459
3	190	2.106650
3	191	2.077499
3	192	2.049586
3	193	2.060117
3	194	2.042642
3	195	2.022866
3	196	2.009189
3	197	1.980258
3	198	1.951474
3	199	1.936065
3	200	1.943899
3	201	1.938579
3	202	1.921647
3	203	1.912866
3	204	1.912530
3	205	1.895380
3	206	1.873102
3	207	1.875034
3	208	1.860963
3	209	1.856713
3	210	1.862276
3	211	1.836158
3	212	1.835219
3	213	1.815321
3	214	1.825911
3	215	1.800634
3	216	1.754653
3	217	1.770137
3	218	1.773492
3	219	1.772744
3	220	1.768106
3	221	1.745347
3	222	1.749168
3	223	1.742057
3	224	1.745056
3	225	1.727063
3	226	1.729290
3	227	1.709820
3	228	1.687118
3	229	1.696191
3	230	1.688797
3	231	1.686501
3	232	1.669513
3	233	1.681424
3	234	1.677184
3	235	1.659766
3	236	1.662590
3	237	1.672465
3	238	1.656659
3	239	1.630842
3	240	1.626313
3	241	1.619993
3	242	1.612189
3	243	1.596253
3	244	1.567704
3	245	1.544935
3	246	1.535316
3	247	1.518881
3	248	1.503880
3	249	1.496117
3	250	1.479924
3	251	1.457595
3	252	1.477623
3	253	1.456938
3	254	1.419963
3	255	1.419945
3	256	1.396248
3	257	1.366217
3	258	1.348326
3	259	1.336333
3	260	1.292842
3	261	1.273113
3	262	1.252567
3	263	1.246915
3	264	1.218894
3	265	1.164940
3	266	1.132773
3	267	1.123814
3	268	1.106697
3	269	1.079790
3	270	1.061003
3	271	1.058764
3	272	1.043945
3	273	1.050692
3	274	1.058637
3	275	1.050109
3	276	1.047606
3	277	1.029904
3	278	0.995076
3	279	0.969974
3	280	0.951423
3	281	0.935932
3	282	0.929835
3	283	0.898753
3	284	0.893321
3	285	0.894911
3	286	0.894043
3	287	0.890373
3	288	0.882281
3	289	0.871055
3	290	0.847443
3	291	0.833587
3	292	0.802562
3	293	0.778805
3	294	0.769170
3	295	0.758540
3	296	0.739504
3	297	0.698895
3	298	0.682679
3	299	0.660447
