trial	time_sec	distance
1	0	5.084381
1	1	4.989189
1	2	4.817688
1	3	4.636438
1	4	4.510230
1	5	4.378608
1	6	4.215801
1	7	4.100543
1	8	3.976877
1	9	3.872451
1	10	3.796133
1	11	3.797321
1	12	3.766251
1	13	3.724932
1	14	3.671497
1	15	3.651790
1	16	3.624230
1	17	3.578058
1	18	3.524271
1	19	3.503722
1	20	3.446956
1	21	3.389474
1	22	3.339223
1	23	3.325475
1	24	3.311256
1	25	3.299758
1	26	3.282761
1	27	3.246049
1	28	3.218999
1	29	3.204614
1	30	3.206700
1	31	3.199039
1	32	3.185091
1	33	3.159726
1	34	3.093820
1	35	3.065959
1	36	3.078965
1	37	3.076475
1	38	3.041576
1	39	2.988861
1	40	2.964138
1	41	2.940251
1	42	2.928626
1	43	2.924516
1	44	2.895550
1	45	2.866737
1	46	2.806654
1	47	2.765561
1	48	2.759818
1	49	2.720397
1	50	2.687569
1	51	2.670104
1	52	2.670819
1	53	2.631308
1	54	2.625197
1	55	2.627754
1	56	2.582194
1	57	2.550099
1	58	2.518777
1	59	2.505740
1	60	2.498834
1	61	2.471361
1	62	2.446024
1	63	2.359724
1	64	2.329576
1	65	2.310214
1	66	2.295467
1	67	2.275994
1	68	2.258408
1	69	2.234791
1	70	2.202623
1	71	2.193381
1	72	2.158700
1	73	2.161631
1	74	2.136035
1	75	2.145796
1	76	2.139991
1	77	2.098990
1	78	2.026443
1	79	1.983613
1	80	1.904253
1	81	1.832314
1	82	1.771763
1	83	1.712231
1	84	1.659203
1	85	1.563450
1	86	1.463874
1	87	1.383822
1	88	1.286609
1	89	1.189460
1	90	1.076756
1	91	1.020354
1	92	0.957302
1	93	0.859910
1	94	0.791465
1	95	0.709921
1	96	0.584655
1	97	0.543548
1	98	0.457701
1	99	0.446007
1	100	0.390828
1	101	0.380345
1	102	0.323897
1	103	0.331154
1	104	0.365366
1	105	0.398423
1	106	0.447312
1	107	0.454219
1	108	0.476170
1	109	0.427284
1	110	0.381461
1	111	0.348739
1	112	0.292616
1	113	0.252447
1	114	0.231135
1	115	0.172771
1	116	0.140165
1	117	0.110451
1	118	0.101782
1	119	0.082477
1	120	0.074783
1	121	0.079090
1	122	0.084110
1	123	0.085970
1	124	0.143449
1	125	0.159606
1	126	0.183522
1	127	0.212505
1	128	0.254207
1	129	0.270308
1	130	0.296354
1	131	0.329760
1	132	0.341759
1	133	0.352694
1	134	0.375350
1	135	0.377101
1	136	0.382184
1	137	0.393313
1	138	0.413352
1	139	0.399487
1	140	0.365890
1	141	0.341684
1	142	0.316156
1	143	0.265329
1	144	0.250095
1	145	0.217650
1	146	0.214682
1	147	0.241153
1	148	0.210211
1	149	0.222334
1	150	0.223100
1	151	0.242487
1	152	0.213571
1	153	0.208241
1	154	0.225552
1	155	0.176672
1	156	0.135746
1	157	0.095883
1	158	0.073790
1	159	0.065611
1	160	0.050708
1	161	0.038148
1	162	0.094828
1	163	0.129926
1	164	0.183161
1	165	0.315425
1	166	0.419349
1	167	0.434048
1	168	0.461768
1	169	0.487928
1	170	0.535395
1	171	0.564044
1	172	0.581518
1	173	0.570816
1	174	0.540998
1	175	0.506168
1	176	0.451964
1	177	0.341077
1	178	0.302186
1	179	0.268912
1	180	0.225988
1	181	0.162033
1	182	0.149092
1	183	0.128422
1	184	0.103445
1	185	0.076176
1	186	0.047629
1	187	0.029356
1	188	0.029071
1	189	0.039689
1	190	0.063365
1	191	0.095056
1	192	0.109919
1	193	0.129852
1	194	0.126679
1	195	0.138207
1	196	0.137437
1	197	0.151022
1	198	0.142833
1	199	0.142603
1	200	0.117726
1	201	0.110663
1	202	0.123764
1	203	0.159990
1	204	0.184318
1	205	0.216090
1	206	0.222282
1	207	0.216860
1	208	0.230808
1	209	0.273248
1	210	0.322493
1	211	0.339192
1	212	0.320143
1	213	0.323305
1	214	0.326707
1	215	0.290306
1	216	0.287398
1	217	0.249309
1	218	0.242863
1	219	0.238021
1	220	0.241924
1	221	0.244640
1	222	0.247609
1	223	0.261409
1	224	0.234375
1	225	0.247990
1	226	0.191471
1	227	0.166333
1	228	0.141242
1	229	0.121704
1	230	0.109614
1	231	0.096695
1	232	0.087318
1	233	0.107210
1	234	0.101760
1	235	0.101013
1	236	0.090761
1	237	0.095506
1	238	0.098331
1	239	0.112069
1	240	0.124099
1	241	0.136427
1	242	0.176342
1	243	0.194950
1	244	0.210883
1	245	0.210715
1	246	0.204293
1	247	0.198114
1	248	0.212530
1	249	0.214484
1	250	0.212475
1	251	0.211764
1	252	0.189854
1	253	0.152060
1	254	0.114185
1	255	0.104840
1	256	0.147693
1	257	0.157100
1	258	0.180365
1	259	0.231401
1	260	0.246437
1	261	0.274590
1	262	0.333332
1	263	0.388763
1	264	0.436260
1	265	0.470543
1	266	0.505894
1	267	0.526543
1	268	0.531177
1	269	0.526351
1	270	0.502781
1	271	0.430457
1	272	0.344253
1	273	0.297572
1	274	0.219823
1	275	0.183074
1	276	0.172909
1	277	0.169133
1	278	0.188118
1	279	0.197064
1	280	0.200979
1	281	0.188932
1	282	0.175363
1	283	0.197498
1	284	0.225659
1	285	0.238417
1	286	0.268286
1	287	0.268998
1	288	0.269259
1	289	0.270068
1	290	0.237616
1	291	0.237677
1	292	0.194113
1	293	0.183113
1	294	0.158686
1	295	0.149941
1	296	0.135867
1	297	0.135426
1	298	0.158377
1	299	0.138729
2	0	5.118847
2	1	5.091442
2	2	4.989929
2	3	4.856565
2	4	4.718685
2	5	4.564753
2	6	4.408878
2	7	4.279220
2	8	4.162856
2	9	4.105077
2	10	4.041873
2	11	3.969995
2	12	3.938897
2	13	3.872504
2	14	3.840116
2	15	3.794835
2	16	3.759092
2	17	3.733812
2	18	3.665921
2	19	3.650808
2	20	3.622730
2	21	3.576260
2	22	3.569546
2	23	3.555915
2	24	3.539054
2	25	3.557271
2	26	3.535012
2	27	3.488654
2	28	3.443115
2	29	3.424992
2	30	3.403022
2	31	3.368378
2	32	3.334870
2	33	3.305484
2	34	3.278902
2	35	3.210921
2	36	3.192602
2	37	3.153358
2	38	3.160424
2	39	3.138091
2	40	3.118931
2	41	3.102119
2	42	3.095255
2	43	3.092117
2	44	3.092428
2	45	3.102968
2	46	3.126989
2	47	3.169307
2	48	3.202773
2	49	3.246519
2	50	3.260897
2	51	3.259288
2	52	3.258517
2	53	3.248310
2	54	3.282979
2	55	3.298794
2	56	3.290057
2	57	3.280354
2	58	3.339837
2	59	3.344325
2	60	3.350411
2	61	3.370951
2	62	3.377569
2	63	3.384888
2	64	3.371658
2	65	3.358860
2	66	3.360838
2	67	3.338259
2	68	3.313147
2	69	3.287662
2	70	3.272191
2	71	3.241394
2	72	3.194466
2	73	3.160839
2	74	3.112724
2	75	3.073851
2	76	2.977664
2	77	2.900509
2	78	2.864315
2	79	2.808642
2	80	2.738843
2	81	2.682356
2	82	2.624129
2	83	2.565868
2	84	2.540984
2	85	2.511152
2	86	2.475670
2	87	2.430362
2	88	2.401392
2	89	2.375165
2	90	2.358644
2	91	2.320897
2	92	2.289324
2	93	2.240312
2	94	2.168835
2	95	2.130223
2	96	2.079763
2	97	2.033562
2	98	1.964332
2	99	1.919640
2	100	1.893836
2	101	1.906048
2	102	1.900164
2	103	1.877743
2	104	1.832767
2	105	1.798279
2	106	1.776185
2	107	1.752242
2	108	1.733412
2	109	1.654750
2	110	1.567801
2	111	1.502138
2	112	1.438147
2	113	1.374417
2	114	1.308058
2	115	1.218686
2	116	1.108826
2	117	1.004645
2	118	0.937144
2	119	0.865872
2	120	0.770155
2	121	0.679890
2	122	0.546567
2	123	0.495399
2	124	0.432642
2	125	0.420705
2	126	0.403197
2	127	0.340908
2	128	0.306843
2	129	0.293148
2	130	0.254955
2	131	0.241967
2	132	0.177534
2	133	0.103962
2	134	0.057719
2	135	0.079343
2	136	0.092996
2	137	0.132795
2	138	0.164189
2	139	0.221989
2	140	0.234530
2	141	0.270178
2	142	0.221874
2	143	0.217712
2	144	0.259765
2	145	0.293667
2	146	0.300689
2	147	0.329067
2	148	0.345705
2	149	0.362061
2	150	0.340628
2	151	0.257753
2	152	0.202352
2	153	0.159973
2	154	0.162167
2	155	0.239027
2	156	0.270199
2	157	0.314308
2	158	0.353102
2	159	0.371703
2	160	0.358066
2	161	0.320376
2	162	0.302945
2	163	0.290017
2	164	0.223140
2	165	0.159021
2	166	0.073289
2	167	0.029540
2	168	0.070223
2	169	0.129355
2	170	0.190003
2	171	0.267697
2	172	0.302543
2	173	0.329923
2	174	0.337494
2	175	0.331343
2	176	0.291477
2	177	0.241903
2	178	0.220692
2	179	0.213559
2	180	0.205639
2	181	0.227829
2	182	0.230274
2	183	0.262375
2	184	0.272098
2	185	0.286119
2	186	0.287907
2	187	0.330822
2	188	0.352335
2	189	0.382563
2	190	0.430980
2	191	0.454741
2	192	0.462097
2	193	0.498273
2	194	0.558228
2	195	0.590396
2	196	0.592495
2	197	0.585116
2	198	0.584213
2	199	0.553070
2	200	0.520028
2	201	0.446341
2	202	0.364794
2	203	0.259621
2	204	0.160595
2	205	0.151198
2	206	0.140152
2	207	0.121293
2	208	0.120371
2	209	0.113316
2	210	0.106567
2	211	0.106321
2	212	0.072437
2	213	0.096860
2	214	0.093308
2	215	0.109058
2	216	0.104808
2	217	0.215042
2	218	0.142843
2	219	0.156945
2	220	0.176414
2	221	0.145228
2	222	0.129865
2	223	0.107804
2	224	0.089186
2	225	0.051713
2	226	0.071966
2	227	0.118148
2	228	0.125140
2	229	0.110339
2	230	0.109032
2	231	0.139941
2	232	0.155631
2	233	0.186295
2	234	0.208557
2	235	0.224881
2	236	0.246680
2	237	0.253037
2	238	0.291056
2	239	0.341107
2	240	0.379362
2	241	0.468899
2	242	0.540678
2	243	0.590902
2	244	0.636233
2	245	0.675563
2	246	0.700294
2	247	0.744591
2	248	0.818212
2	249	0.863631
2	250	0.878073
2	251	0.895009
2	252	0.889405
2	253	0.887181
2	254	0.838675
2	255	0.809951
2	256	0.767565
2	257	0.712307
2	258	0.639735
2	259	0.582292
2	260	0.528551
2	261	0.488758
2	262	0.485433
2	263	0.442211
2	264	0.431712
2	265	0.415591
2	266	0.393313
2	267	0.392565
2	268	0.374255
2	269	0.373414
2	270	0.368674
2	271	0.378856
2	272	0.354400
2	273	0.352129
2	274	0.325407
2	275	0.270175
2	276	0.253474
2	277	0.178727
2	278	0.138628
2	279	0.100338
2	280	0.079018
2	281	0.075043
2	282	0.070595
2	283	0.086053
2	284	0.091945
2	285	0.089481
2	286	0.107007
2	287	0.119190
2	288	0.126359
2	289	0.150345
2	290	0.111684
2	291	0.095138
2	292	0.086243
2	293	0.077558
2	294	0.084565
2	295	0.096490
2	296	0.112730
2	297	0.118916
2	298	0.108072
2	299	0.129189
3	0	5.043767
3	1	4.917807
3	2	4.754927
3	3	4.554208
3	4	4.384140
3	5	4.165933
3	6	4.007039
3	7	3.883827
3	8	3.765262
3	9	3.661538
3	10	3.630468
3	11	3.632797
3	12	3.622679
3	13	3.638869
3	14	3.646907
3	15	3.635953
3	16	3.632877
3	17	3.591610
3	18	3.565059
3	19	3.555178
3	20	3.515640
3	21	3.506832
3	22	3.517272
3	23	3.497608
3	24	3.423699
3	25	3.352585
3	26	3.328576
3	27	3.289200
3	28	3.273281
3	29	3.240695
3	30	3.195425
3	31	3.161882
3	32	3.113028
3	33	3.108381
3	34	3.096543
3	35	3.081740
3	36	3.087739
3	37	3.047272
3	38	3.052609
3	39	3.063919
3	40	3.067619
3	41	3.122441
3	42	3.130211
3	43	3.129404
3	44	3.114416
3	45	3.064041
3	46	3.000940
3	47	2.977932
3	48	2.958788
3	49	2.892636
3	50	2.898696
3	51	2.836709
3	52	2.813336
3	53	2.767336
3	54	2.742182
3	55	2.728221
3	56	2.726901
3	57	2.750993
3	58	2.758816
3	59	2.727541
3	60	2.716670
3	61	2.700754
3	62	2.666537
3	63	2.641327
3	64	2.657124
3	65	2.669234
3	66	2.667627
3	67	2.718825
3	68	2.727226
3	69	2.727700
3	70	2.690180
3	71	2.652108
3	72	2.582104
3	73	2.551551
3	74	2.514509
3	75	2.499315
3	76	2.463812
3	77	2.432042
3	78	2.397783
3	79	2.388109
3	80	2.381108
3	81	2.383901
3	82	2.375662
3	83	2.361338
3	84	2.344733
3	85	2.368232
3	86	2.373652
3	87	2.364848
3	88	2.352087
3	89	2.342073
3	90	2.330096
3	91	2.321372
3	92	2.322765
3	93	2.313594
3	94	2.307427
3	95	2.311845
3	96	2.299981
3	97	2.269224
3	98	2.233629
3	99	2.200564
3	100	2.184929
3	101	2.179461
3	102	2.156890
3	103	2.153436
3	104	2.095751
3	105	2.051244
3	106	2.061665
3	107	2.014039
3	108	1.998534
3	109	1.989884
3	110	1.966018
3	111	1.953530
3	112	1.948779
3	113	1.934303
3	114	1.927061
3	115	1.897563
3	116	1.880359
3	117	1.862590
3	118	1.844380
3	119	1.805636
3	120	1.729573
3	121	1.669921
3	122	1.578006
3	123	1.471605
3	124	1.383029
3	125	1.295907
3	126	1.227559
3	127	1.167429
3	128	1.110090
3	129	1.068950
3	130	0.986886
3	131	0.902102
3	132	0.824343
3	133	0.768684
3	134	0.718499
3	135	0.655110
3	136	0.630716
3	137	0.590932
3	138	0.555350
3	139	0.546737
3	140	0.551752
3	141	0.566194
3	142	0.565586
3	143	0.555858
3	144	0.542495
3	145	0.520579
3	146	0.532166
3	147	0.492229
3	148	0.476016
3	149	0.452678
3	150	0.426635
3	151	0.430829
3	152	0.439463
3	153	0.443351
3	154	0.450467
3	155	0.447572
3	156	0.439265
3	157	0.422376
3	158	0.401559
3	159	0.362480
3	160	0.345944
3	161	0.310076
3	162	0.301510
3	163	0.314634
3	164	0.303868
3	165	0.293257
3	166	0.223154
3	167	0.171912
3	168	0.130727
3	169	0.090635
3	170	0.058238
3	171	0.086429
3	172	0.125472
3	173	0.168095
3	174	0.194029
3	175	0.175236
3	176	0.170496
3	177	0.243297
3	178	0.283794
3	179	0.334036
3	180	0.371273
3	181	0.366849
3	182	0.389719
3	183	0.429440
3	184	0.441784
3	185	0.462399
3	186	0.470451
3	187	0.451011
3	188	0.382241
3	189	0.319415
3	190	0.294130
3	191	0.279155
3	192	0.257464
3	193	0.203173
3	194	0.169478
3	195	0.143096
3	196	0.102165
3	197	0.109020
3	198	0.113356
3	199	0.127986
3	200	0.148563
3	201	0.158380
3	202	0.154612
3	203	0.148187
3	204	0.154401
3	205	0.183127
3	206	0.213280
3	207	0.207172
3	208	0.212028
3	209	0.212198
3	210	0.221385
3	211	0.217961
3	212	0.161683
3	213	0.126747
3	214	0.112648
3	215	0.072402
3	216	0.070992
3	217	0.104171
3	218	0.128220
3	219	0.149820
3	220	0.166872
3	221	0.187752
3	222	0.173411
3	223	0.164221
3	224	0.164271
3	225	0.173819
3	226	0.178981
3	227	0.192547
3	228	0.229520
3	229	0.277304
3	230	0.330329
3	231	0.372525
3	232	0.422918
3	233	0.479634
3	234	0.503140
3	235	0.536515
3	236	0.549300
3	237	0.507488
3	238	0.511583
3	239	0.458338
3	240	0.467507
3	241	0.438475
3	242	0.427554
3	243	0.421377
3	244	0.355290
3	245	0.328212
3	246	0.303994
3	247	0.279502
3	248	0.279264
3	249	0.270630
3	250	0.265577
3	251	0.276918
3	252	0.258341
3	253	0.260809
3	254	0.259315
3	255	0.246964
3	256	0.269571
3	257	0.273387
3	258	0.278962
3	259	0.304064
3	260	0.296631
3	261	0.288765
3	262	0.289452
3	263	0.297460
3	264	0.258693
3	265	0.275694
3	266	0.265284
3	267	0.267765
3	268	0.268450
3	269	0.266841
3	270	0.275359
3	271	0.259288
3	272	0.270387
3	273	0.276694
3	274	0.292251
3	275	0.307960
3	276	0.317145
3	277	0.316130
3	278	0.352927
3	279	0.372292
3	280	0.355448
3	281	0.361797
3	282	0.327145
3	283	0.315670
3	284	0.311150
3	285	0.276205
3	286	0.234293
3	287	0.230626
3	288	0.244569
3	289	0.272933
3	290	0.298905
3	291	0.336075
3	292	0.373657
3	293	0.429033
3	294	0.426912
3	295	0.434037
3	296	0.432929
3	297	0.426836
3	298	0.438786
3	299	0.424134
