trial	time_sec	distance
1	0	2.725989
1	1	2.725190
1	2	2.664780
1	3	2.673218
1	4	2.681283
1	5	2.688054
1	6	2.661149
1	7	2.583088
1	8	2.506427
1	9	2.414037
1	10	2.300106
1	11	2.216366
1	12	2.089580
1	13	1.993650
1	14	1.872028
1	15	1.797046
1	16	1.686514
1	17	1.684553
1	18	1.651799
1	19	1.623409
1	20	1.578511
1	21	1.522582
1	22	1.482718
1	23	1.475184
1	24	1.493951
1	25	1.486860
1	26	1.491142
1	27	1.481719
1	28	1.468375
1	29	1.422614
1	30	1.417529
1	31	1.401254
1	32	1.367586
1	33	1.362522
1	34	1.372449
1	35	1.340279
1	36	1.325877
1	37	1.293615
1	38	1.236586
1	39	1.226231
1	40	1.218149
1	41	1.201991
1	42	1.159595
1	43	1.144357
1	44	1.141434
1	45	1.100868
1	46	1.072694
1	47	1.052484
1	48	1.021945
1	49	1.012932
1	50	0.962232
1	51	0.946835
1	52	0.907900
1	53	0.889028
1	54	0.925976
1	55	0.918251
1	56	0.888566
1	57	0.869239
1	58	0.863307
1	59	0.848820
1	60	0.793755
1	61	0.765402
1	62	0.742292
1	63	0.697471
1	64	0.699408
1	65	0.677970
1	66	0.648644
1	67	0.616263
1	68	0.569248
1	69	0.509547
1	70	0.449895
1	71	0.419494
1	72	0.385487
1	73	0.326760
1	74	0.265140
1	75	0.228442
1	76	0.164525
1	77	0.118738
1	78	0.117508
1	79	0.073204
1	80	0.014735
1	81	0.013246
1	82	0.019106
1	83	0.026082
1	84	0.013226
1	85	0.019686
1	86	0.020165
1	87	0.057100
1	88	0.047119
1	89	0.039559
1	90	0.056857
1	91	0.082123
1	92	0.096554
1	93	0.116006
1	94	0.129969
1	95	0.135565
1	96	0.119991
1	97	0.138098
1	98	0.145081
1	99	0.162074
1	100	0.179189
1	101	0.182771
1	102	0.193007
1	103	0.199369
1	104	0.192052
1	105	0.181245
1	106	0.170640
1	107	0.153337
1	108	0.174444
1	109	0.165237
1	110	0.180209
1	111	0.193849
1	112	0.190049
1	113	0.176015
1	114	0.166655
1	115	0.147902
1	116	0.133924
1	117	0.147108
1	118	0.125303
1	119	0.096963
1	120	0.114455
1	121	0.113288
1	122	0.134772
1	123	0.148236
1	124	0.155268
1	125	0.160838
1	126	0.135793
1	127	0.134287
1	128	0.128662
1	129	0.090901
1	130	0.043818
1	131	0.042126
1	132	0.082226
1	133	0.109428
1	134	0.137064
1	135	0.155775
1	136	0.165474
1	137	0.178207
1	138	0.183464
1	139	0.174664
1	140	0.163760
1	141	0.125148
1	142	0.109456
1	143	0.119463
1	144	0.097795
1	145	0.068147
1	146	0.050426
1	147	0.075763
1	148	0.119527
1	149	0.154420
1	150	0.143837
1	151	0.144101
1	152	0.108234
1	153	0.102002
1	154	0.112730
1	155	0.158274
1	156	0.186719
1	157	0.153414
1	158	0.137751
1	159	0.189013
1	160	0.208344
1	161	0.187435
1	162	0.164437
1	163	0.134173
1	164	0.097089
1	165	0.104898
1	166	0.099830
1	167	0.115846
1	168	0.110844
1	169	0.113672
1	170	0.140739
1	171	0.153334
1	172	0.148677
1	173	0.146897
1	174	0.120841
1	175	0.125097
1	176	0.132396
1	177	0.146181
1	178	0.082446
1	179	0.046792
1	180	0.058719
1	181	0.104014
1	182	0.158718
1	183	0.193383
1	184	0.193258
1	185	0.204052
1	186	0.177868
1	187	0.157886
1	188	0.131424
1	189	0.119097
1	190	0.127735
1	191	0.142833
1	192	0.127165
1	193	0.134032
1	194	0.133468
1	195	0.165161
1	196	0.205979
1	197	0.229882
1	198	0.211331
1	199	0.157638
2	0	2.641841
2	1	2.644450
2	2	2.639650
2	3	2.618562
2	4	2.588064
2	5	2.534391
2	6	2.488100
2	7	2.434298
2	8	2.362222
2	9	2.271062
2	10	2.197249
2	11	2.134983
2	12	2.121322
2	13	2.062803
2	14	2.044461
2	15	2.046791
2	16	2.030613
2	17	2.002656
2	18	2.056764
2	19	2.050505
2	20	2.050812
2	21	2.065211
2	22	2.070596
2	23	2.082712
2	24	2.082264
2	25	2.074082
2	26	2.016781
2	27	1.988005
2	28	1.946423
2	29	1.925534
2	30	1.866723
2	31	1.797228
2	32	1.775403
2	33	1.736636
2	34	1.720053
2	35	1.724416
2	36	1.704458
2	37	1.717012
2	38	1.676086
2	39	1.708812
2	40	1.641487
2	41	1.615494
2	42	1.644318
2	43	1.565347
2	44	1.548789
2	45	1.559726
2	46	1.545701
2	47	1.536863
2	48	1.549329
2	49	1.577343
2	50	1.604471
2	51	1.697364
2	52	1.762740
2	53	1.818057
2	54	1.934541
2	55	1.990073
2	56	1.997712
2	57	1.982421
2	58	1.920303
2	59	1.935580
2	60	1.909125
2	61	1.909135
2	62	1.916980
2	63	1.927206
2	64	1.940335
2	65	1.945087
2	66	1.946914
2	67	1.921133
2	68	1.887159
2	69	1.843244
2	70	1.834661
2	71	1.824322
2	72	1.784562
2	73	1.769281
2	74	1.762289
2	75	1.736536
2	76	1.749248
2	77	1.733386
2	78	1.714992
2	79	1.697404
2	80	1.670073
2	81	1.653248
2	82	1.662389
2	83	1.655795
2	84	1.636867
2	85	1.611028
2	86	1.518365
2	87	1.507236
2	88	1.496021
2	89	1.416807
2	90	1.395636
2	91	1.355076
2	92	1.348581
2	93	1.332997
2	94	1.273206
2	95	1.218972
2	96	1.192401
2	97	1.142705
2	98	1.134535
2	99	1.111128
2	100	1.067155
2	101	1.052316
2	102	0.982364
2	103	0.948808
2	104	0.910706
2	105	0.830618
2	106	0.805334
2	107	0.796311
2	108	0.727254
2	109	0.746166
2	110	0.692390
2	111	0.647263
2	112	0.609888
2	113	0.578410
2	114	0.462058
2	115	0.427146
2	116	0.393236
2	117	0.353053
2	118	0.302533
2	119	0.250900
2	120	0.207944
2	121	0.180799
2	122	0.151920
2	123	0.067665
2	124	0.064400
2	125	0.072280
2	126	0.072641
2	127	0.094561
2	128	0.124027
2	129	0.106217
2	130	0.076334
2	131	0.098061
2	132	0.088973
2	133	0.067665
2	134	0.045706
2	135	0.046837
2	136	0.071553
2	137	0.090699
2	138	0.125543
2	139	0.155615
2	140	0.137992
2	141	0.162989
2	142	0.141786
2	143	0.120238
2	144	0.114487
2	145	0.128427
2	146	0.134986
2	147	0.151318
2	148	0.180557
2	149	0.198332
2	150	0.171095
2	151	0.121785
2	152	0.116211
2	153	0.175464
2	154	0.146787
2	155	0.108748
2	156	0.091461
2	157	0.129484
2	158	0.141957
2	159	0.142646
2	160	0.149629
2	161	0.158910
2	162	0.164778
2	163	0.196017
2	164	0.214310
2	165	0.209240
2	166	0.183617
2	167	0.155614
2	168	0.185826
2	169	0.173126
2	170	0.173621
2	171	0.154954
2	172	0.142055
2	173	0.129467
2	174	0.117234
2	175	0.116796
2	176	0.112977
2	177	0.117447
2	178	0.104780
2	179	0.120598
2	180	0.110054
2	181	0.106394
2	182	0.122408
2	183	0.111078
2	184	0.143225
2	185	0.180404
2	186	0.217660
2	187	0.246576
2	188	0.226713
2	189	0.184758
2	190	0.120044
2	191	0.113659
2	192	0.103782
2	193	0.074452
2	194	0.100960
2	195	0.151585
2	196	0.164725
2	197	0.137957
2	198	0.104425
2	199	0.102338
3	0	2.702734
3	1	2.691649
3	2	2.707862
3	3	2.686027
3	4	2.699428
3	5	2.663636
3	6	2.658143
3	7	2.664509
3	8	2.716840
3	9	2.784545
3	10	2.760885
3	11	2.764068
3	12	2.717866
3	13	2.621021
3	14	2.590995
3	15	2.646958
3	16	2.611228
3	17	2.653920
3	18	2.711700
3	19	2.750759
3	20	2.757951
3	21	2.706242
3	22	2.659671
3	23	2.644580
3	24	2.635137
3	25	2.604031
3	26	2.581933
3	27	2.579839
3	28	2.617338
3	29	2.605092
3	30	2.619583
3	31	2.622320
3	32	2.639955
3	33	2.633542
3	34	2.655910
3	35	2.686176
3	36	2.683300
3	37	2.657571
3	38	2.664140
3	39	2.663500
3	40	2.658241
3	41	2.653143
3	42	2.641838
3	43	2.632876
3	44	2.629824
3	45	2.607852
3	46	2.601033
3	47	2.593073
3	48	2.573165
3	49	2.563717
3	50	2.573595
3	51	2.570488
3	52	2.528291
3	53	2.495127
3	54	2.476591
3	55	2.486178
3	56	2.460047
3	57	2.417511
3	58	2.431806
3	59	2.414458
3	60	2.383882
3	61	2.390254
3	62	2.378772
3	63	2.346016
3	64	2.376297
3	65	2.334961
3	66	2.341271
3	67	2.367611
3	68	2.293801
3	69	2.321267
3	70	2.348621
3	71	2.317881
3	72	2.346419
3	73	2.368313
3	74	2.345648
3	75	2.317589
3	76	2.345863
3	77	2.303834
3	78	2.315926
3	79	2.300576
3	80	2.250787
3	81	2.228575
3	82	2.194128
3	83	2.180239
3	84	2.223631
3	85	2.211009
3	86	2.212525
3	87	2.201451
3	88	2.169929
3	89	2.140444
3	90	2.125823
3	91	2.116535
3	92	2.029673
3	93	1.987434
3	94	1.972585
3	95	1.922072
3	96	1.903389
3	97	1.891734
3	98	1.826798
3	99	1.804305
3	100	1.801424
3	101	1.773878
3	102	1.757562
3	103	1.769294
3	104	1.759998
3	105	1.751876
3	106	1.718939
3	107	1.719541
3	108	1.705620
3	109	1.684918
3	110	1.659473
3	111	1.596763
3	112	1.558714
3	113	1.508284
3	114	1.503280
3	115	1.481241
3	116	1.457004
3	117	1.438575
3	118	1.423463
3	119	1.406252
3	120	1.395899
3	121	1.370800
3	122	1.357480
3	123	1.326548
3	124	1.291699
3	125	1.278820
3	126	1.207048
3	127	1.175483
3	128	1.128575
3	129	1.127070
3	130	1.086526
3	131	1.009715
3	132	1.005249
3	133	0.964823
3	134	0.941226
3	135	0.945918
3	136	0.873397
3	137	0.855102
3	138	0.802801
3	139	0.729896
3	140	0.717268
3	141	0.685270
3	142	0.650064
3	143	0.650602
3	144	0.645312
3	145	0.630068
3	146	0.617041
3	147	0.580929
3	148	0.545874
3	149	0.549280
3	150	0.521270
3	151	0.459274
3	152	0.444689
3	153	0.381745
3	154	0.320818
3	155	0.290052
3	156	0.264634
3	157	0.169255
3	158	0.112790
3	159	0.088425
3	160	0.099969
3	161	0.096592
3	162	0.140736
3	163	0.144431
3	164	0.098746
3	165	0.081658
3	166	0.091628
3	167	0.091115
3	168	0.073716
3	169	0.043766
3	170	0.056088
3	171	0.106151
3	172	0.169477
3	173	0.147203
3	174	0.116125
3	175	0.088053
3	176	0.067106
3	177	0.069406
3	178	0.069414
3	179	0.071204
3	180	0.089580
3	181	0.101613
3	182	0.119998
3	183	0.165833
3	184	0.187908
3	185	0.212443
3	186	0.256437
3	187	0.202369
3	188	0.145700
3	189	0.137448
3	190	0.152994
3	191	0.157932
3	192	0.174347
3	193	0.159108
3	194	0.163460
3	195	0.131341
3	196	0.135997
3	197	0.124060
3	198	0.075983
3	199	0.042763
