trial	time_sec	distance
1	0	5.083567
1	1	5.024383
1	2	4.867823
1	3	4.686911
1	4	4.511215
1	5	4.330358
1	6	4.136707
1	7	3.971566
1	8	3.852823
1	9	3.768505
1	10	3.700766
1	11	3.653343
1	12	3.564610
1	13	3.506641
1	14	3.471675
1	15	3.423518
1	16	3.407482
1	17	3.416654
1	18	3.406181
1	19	3.428474
1	20	3.417407
1	21	3.380271
1	22	3.335207
1	23	3.365513
1	24	3.325250
1	25	3.287938
1	26	3.281407
1	27	3.240923
1	28	3.189212
1	29	3.167514
1	30	3.145949
1	31	3.153618
1	32	3.149092
1	33	3.137524
1	34	3.101819
1	35	3.111531
1	36	3.076783
1	37	3.077520
1	38	3.058441
1	39	3.037864
1	40	3.040157
1	41	3.006677
1	42	2.981421
1	43	2.940778
1	44	2.928478
1	45	2.921799
1	46	2.912836
1	47	2.886990
1	48	2.867839
1	49	2.852814
1	50	2.839073
1	51	2.791774
1	52	2.743527
1	53	2.716559
1	54	2.716831
1	55	2.707631
1	56	2.694827
1	57	2.683096
1	58	2.684859
1	59	2.668902
1	60	2.635973
1	61	2.653530
1	62	2.676475
1	63	2.689514
1	64	2.685823
1	65	2.666412
1	66	2.651945
1	67	2.637286
1	68	2.662733
1	69	2.678608
1	70	2.623603
1	71	2.563534
1	72	2.548543
1	73	2.515765
1	74	2.469452
1	75	2.442697
1	76	2.403384
1	77	2.345303
1	78	2.295122
1	79	2.267560
1	80	2.229191
1	81	2.202971
1	82	2.148521
1	83	2.130372
1	84	2.063631
1	85	2.007627
1	86	1.979694
1	87	1.939880
1	88	1.907628
1	89	1.845434
1	90	1.791762
1	91	1.779259
1	92	1.710237
1	93	1.682858
1	94	1.667338
1	95	1.626253
1	96	1.578614
1	97	1.555839
1	98	1.503920
1	99	1.412597
1	100	1.367983
1	101	1.294093
1	102	1.200002
1	103	1.155095
1	104	1.079474
1	105	0.992527
1	106	0.927216
1	107	0.872670
1	108	0.835087
1	109	0.821812
1	110	0.808791
1	111	0.808090
1	112	0.765034
1	113	0.737834
1	114	0.710842
1	115	0.702075
1	116	0.686185
1	117	0.660926
1	118	0.619566
1	119	0.594502
1	120	0.584556
1	121	0.587929
1	122	0.551522
1	123	0.533349
1	124	0.531953
1	125	0.520974
1	126	0.488948
1	127	0.439590
1	128	0.429167
1	129	0.414752
1	130	0.378464
1	131	0.372510
1	132	0.396976
1	133	0.384727
1	134	0.391394
1	135	0.372971
1	136	0.389820
1	137	0.409097
1	138	0.363694
1	139	0.340930
1	140	0.345674
1	141	0.320983
1	142	0.390722
1	143	0.389751
1	144	0.433258
1	145	0.450487
1	146	0.438781
1	147	0.445826
1	148	0.486433
1	149	0.549481
1	150	0.581160
1	151	0.626094
1	152	0.661010
1	153	0.700716
1	154	0.712641
1	155	0.678663
1	156	0.710678
1	157	0.719773
1	158	0.712702
1	159	0.702503
1	160	0.689776
1	161	0.653800
1	162	0.659119
1	163	0.590099
1	164	0.622426
1	165	0.622946
1	166	0.609067
1	167	0.653811
1	168	0.655562
1	169	0.672770
1	170	0.647838
1	171	0.652274
1	172	0.672920
1	173	0.664685
1	174	0.699018
1	175	0.692751
1	176	0.680408
1	177	0.686611
1	178	0.688279
1	179	0.691474
1	180	0.699723
1	181	0.668785
1	182	0.678905
1	183	0.657968
1	184	0.672172
1	185	0.688966
1	186	0.670647
1	187	0.677391
1	188	0.646752
1	189	0.621009
1	190	0.644177
1	191	0.619587
1	192	0.617064
1	193	0.576964
1	194	0.562310
1	195	0.577997
1	196	0.569949
1	197	0.553715
1	198	0.579848
1	199	0.536342
1	200	0.529827
1	201	0.544541
1	202	0.559364
1	203	0.550945
1	204	0.523880
1	205	0.534069
1	206	0.511060
1	207	0.509972
1	208	0.536799
1	209	0.589717
1	210	0.643169
1	211	0.684201
1	212	0.666620
1	213	0.673493
1	214	0.668597
1	215	0.652175
1	216	0.630802
1	217	0.627879
1	218	0.663292
1	219	0.634149
1	220	0.692434
1	221	0.669132
1	222	0.682269
1	223	0.693825
1	224	0.690822
1	225	0.717925
1	226	0.635824
1	227	0.656570
1	228	0.647472
1	229	0.680093
1	230	0.684473
1	231	0.690231
1	232	0.693433
1	233	0.677681
1	234	0.723892
1	235	0.728507
1	236	0.734011
1	237	0.710172
1	238	0.679150
1	239	0.700014
1	240	0.694490
1	241	0.644264
1	242	0.629717
1	243	0.603695
1	244	0.584542
1	245	0.574144
1	246	0.569251
1	247	0.567639
1	248	0.579736
1	249	0.570672
1	250	0.567973
1	251	0.577408
1	252	0.557388
1	253	0.557893
1	254	0.543812
1	255	0.504656
1	256	0.486887
1	257	0.496499
1	258	0.502567
1	259	0.493254
1	260	0.507680
1	261	0.534726
1	262	0.511171
1	263	0.511090
1	264	0.510069
1	265	0.512040
1	266	0.471945
1	267	0.432211
1	268	0.394257
1	269	0.428445
1	270	0.413153
1	271	0.413321
1	272	0.467584
1	273	0.510230
1	274	0.581648
1	275	0.627455
1	276	0.630935
1	277	0.620811
1	278	0.601354
1	279	0.534527
1	280	0.461514
1	281	0.384737
1	282	0.336530
1	283	0.331265
1	284	0.335171
1	285	0.351138
1	286	0.406218
1	287	0.420772
1	288	0.468765
1	289	0.456882
1	290	0.491794
1	291	0.508605
1	292	0.524855
1	293	0.524020
1	294	0.531958
1	295	0.518341
1	296	0.520922
1	297	0.514399
1	298	0.541771
1	299	0.544556
2	0	5.105292
2	1	5.044516
2	2	4.873712
2	3	4.655663
2	4	4.463019
2	5	4.324443
2	6	4.208158
2	7	4.102935
2	8	4.000200
2	9	3.939731
2	10	3.894311
2	11	3.844604
2	12	3.815323
2	13	3.772393
2	14	3.761346
2	15	3.749556
2	16	3.715162
2	17	3.680977
2	18	3.650650
2	19	3.617176
2	20	3.568124
2	21	3.510327
2	22	3.492609
2	23	3.470280
2	24	3.449461
2	25	3.427907
2	26	3.390126
2	27	3.385532
2	28	3.395499
2	29	3.385723
2	30	3.384713
2	31	3.380331
2	32	3.341098
2	33	3.284599
2	34	3.276307
2	35	3.260327
2	36	3.227026
2	37	3.204738
2	38	3.203530
2	39	3.204821
2	40	3.187133
2	41	3.155206
2	42	3.142207
2	43	3.126072
2	44	3.116728
2	45	3.097150
2	46	3.074822
2	47	3.071613
2	48	3.067014
2	49	3.032514
2	50	2.991782
2	51	2.944923
2	52	2.917044
2	53	2.850150
2	54	2.816461
2	55	2.769995
2	56	2.719167
2	57	2.651535
2	58	2.619700
2	59	2.582914
2	60	2.574154
2	61	2.527856
2	62	2.527847
2	63	2.515947
2	64	2.447149
2	65	2.413147
2	66	2.327124
2	67	2.268866
2	68	2.245553
2	69	2.209793
2	70	2.158350
2	71	2.113523
2	72	2.038771
2	73	1.956305
2	74	1.906375
2	75	1.830279
2	76	1.768734
2	77	1.708460
2	78	1.623565
2	79	1.564593
2	80	1.487580
2	81	1.383662
2	82	1.296755
2	83	1.244612
2	84	1.200779
2	85	1.173162
2	86	1.146775
2	87	1.100803
2	88	1.056572
2	89	0.979443
2	90	0.921530
2	91	0.852377
2	92	0.767836
2	93	0.685088
2	94	0.621092
2	95	0.600426
2	96	0.575653
2	97	0.534511
2	98	0.517623
2	99	0.444195
2	100	0.416303
2	101	0.362052
2	102	0.353276
2	103	0.322968
2	104	0.312048
2	105	0.288429
2	106	0.276786
2	107	0.274629
2	108	0.292509
2	109	0.271820
2	110	0.274634
2	111	0.221274
2	112	0.195871
2	113	0.171199
2	114	0.156545
2	115	0.116150
2	116	0.112115
2	117	0.077453
2	118	0.076752
2	119	0.040714
2	120	0.028240
2	121	0.047833
2	122	0.066428
2	123	0.055848
2	124	0.078897
2	125	0.102498
2	126	0.116744
2	127	0.109353
2	128	0.122989
2	129	0.120351
2	130	0.135389
2	131	0.149723
2	132	0.222791
2	133	0.275347
2	134	0.298646
2	135	0.348323
2	136	0.357647
2	137	0.360190
2	138	0.337452
2	139	0.349031
2	140	0.328518
2	141	0.330649
2	142	0.330399
2	143	0.338077
2	144	0.333137
2	145	0.318005
2	146	0.317497
2	147	0.302700
2	148	0.302971
2	149	0.328208
2	150	0.327337
2	151	0.323922
2	152	0.332895
2	153	0.340834
2	154	0.317434
2	155	0.310895
2	156	0.339635
2	157	0.386568
2	158	0.451081
2	159	0.477425
2	160	0.460042
2	161	0.431507
2	162	0.394304
2	163	0.371106
2	164	0.361199
2	165	0.346164
2	166	0.350054
2	167	0.323312
2	168	0.340250
2	169	0.346595
2	170	0.331551
2	171	0.345392
2	172	0.340180
2	173	0.337235
2	174	0.341916
2	175	0.310856
2	176	0.287682
2	177	0.263358
2	178	0.274277
2	179	0.246399
2	180	0.227803
2	181	0.169853
2	182	0.173463
2	183	0.156010
2	184	0.145619
2	185	0.133964
2	186	0.107687
2	187	0.102372
2	188	0.106724
2	189	0.126187
2	190	0.132309
2	191	0.161301
2	192	0.188982
2	193	0.242311
2	194	0.270542
2	195	0.296115
2	196	0.343885
2	197	0.360156
2	198	0.373511
2	199	0.385967
2	200	0.398327
2	201	0.401286
2	202	0.424105
2	203	0.443315
2	204	0.472077
2	205	0.475194
2	206	0.471154
2	207	0.475924
2	208	0.439898
2	209	0.443170
2	210	0.397266
2	211	0.372307
2	212	0.339612
2	213	0.308346
2	214	0.290608
2	215	0.280456
2	216	0.296290
2	217	0.300124
2	218	0.314789
2	219	0.331436
2	220	0.351745
2	221	0.399136
2	222	0.417224
2	223	0.428610
2	224	0.436615
2	225	0.448128
2	226	0.451466
2	227	0.457981
2	228	0.465220
2	229	0.454587
2	230	0.451004
2	231	0.433771
2	232	0.425282
2	233	0.433587
2	234	0.436269
2	235	0.421192
2	236	0.453738
2	237	0.457852
2	238	0.496464
2	239	0.510446
2	240	0.466499
2	241	0.468085
2	242	0.465222
2	243	0.451062
2	244	0.446697
2	245	0.455929
2	246	0.440074
2	247	0.426533
2	248	0.462348
2	249	0.433856
2	250	0.458283
2	251	0.418330
2	252	0.422145
2	253	0.372183
2	254	0.310243
2	255	0.314998
2	256	0.264796
2	257	0.263687
2	258	0.287329
2	259	0.311279
2	260	0.330800
2	261	0.341373
2	262	0.347454
2	263	0.283529
2	264	0.235593
2	265	0.202610
2	266	0.189638
2	267	0.197654
2	268	0.193721
2	269	0.196471
2	270	0.178741
2	271	0.185456
2	272	0.169700
2	273	0.187527
2	274	0.190520
2	275	0.204499
2	276	0.196296
2	277	0.186356
2	278	0.220002
2	279	0.177011
2	280	0.207435
2	281	0.189704
2	282	0.189930
2	283	0.175377
2	284	0.137409
2	285	0.129741
2	286	0.108033
2	287	0.151909
2	288	0.161970
2	289	0.155135
2	290	0.174982
2	291	0.171332
2	292	0.171679
2	293	0.200774
2	294	0.184986
2	295	0.184487
2	296	0.185902
2	297	0.191352
2	298	0.231180
2	299	0.252755
3	0	5.176527
3	1	5.168613
3	2	5.111932
3	3	4.969520
3	4	4.795604
3	5	4.642355
3	6	4.528729
3	7	4.393047
3	8	4.254651
3	9	4.141119
3	10	4.036527
3	11	3.976608
3	12	3.922973
3	13	3.838203
3	14	3.776912
3	15	3.718504
3	16	3.653372
3	17	3.602034
3	18	3.590732
3	19	3.586055
3	20	3.590339
3	21	3.572143
3	22	3.528862
3	23	3.502403
3	24	3.495178
3	25	3.473894
3	26	3.422394
3	27	3.398396
3	28	3.425091
3	29	3.415101
3	30	3.394566
3	31	3.360608
3	32	3.382710
3	33	3.368175
3	34	3.350713
3	35	3.317325
3	36	3.310914
3	37	3.275136
3	38	3.245538
3	39	3.238383
3	40	3.243295
3	41	3.211777
3	42	3.198308
3	43	3.135427
3	44	3.084712
3	45	3.085687
3	46	3.052824
3	47	3.030242
3	48	3.030937
3	49	3.038296
3	50	3.023889
3	51	3.003859
3	52	2.988413
3	53	2.975840
3	54	2.924649
3	55	2.933595
3	56	2.898284
3	57	2.839096
3	58	2.826681
3	59	2.789796
3	60	2.812368
3	61	2.815281
3	62	2.819380
3	63	2.817702
3	64	2.793214
3	65	2.805220
3	66	2.777555
3	67	2.739234
3	68	2.739632
3	69	2.723866
3	70	2.711239
3	71	2.622477
3	72	2.571511
3	73	2.514430
3	74	2.453393
3	75	2.397129
3	76	2.387441
3	77	2.350242
3	78	2.327835
3	79	2.269560
3	80	2.230040
3	81	2.178542
3	82	2.159456
3	83	2.135918
3	84	2.080895
3	85	2.063541
3	86	2.012351
3	87	1.970346
3	88	1.938774
3	89	1.880718
3	90	1.843754
3	91	1.805919
3	92	1.754735
3	93	1.727032
3	94	1.717276
3	95	1.663417
3	96	1.608579
3	97	1.531818
3	98	1.450235
3	99	1.364471
3	100	1.281219
3	101	1.166106
3	102	1.072035
3	103	0.954702
3	104	0.883498
3	105	0.815018
3	106	0.751647
3	107	0.718519
3	108	0.664296
3	109	0.625162
3	110	0.577285
3	111	0.549253
3	112	0.541253
3	113	0.537484
3	114	0.536120
3	115	0.526153
3	116	0.532084
3	117	0.528745
3	118	0.501008
3	119	0.534187
3	120	0.526458
3	121	0.517302
3	122	0.494959
3	123	0.469965
3	124	0.431364
3	125	0.424072
3	126	0.391647
3	127	0.329920
3	128	0.343860
3	129	0.295507
3	130	0.291350
3	131	0.259768
3	132	0.229858
3	133	0.204191
3	134	0.140600
3	135	0.088734
3	136	0.055651
3	137	0.037598
3	138	0.050618
3	139	0.085800
3	140	0.128107
3	141	0.164652
3	142	0.214192
3	143	0.268807
3	144	0.302206
3	145	0.297730
3	146	0.293762
3	147	0.275667
3	148	0.455803
3	149	0.397556
3	150	0.408142
3	151	0.438889
3	152	0.471063
3	153	0.521089
3	154	0.524274
3	155	0.562996
3	156	0.599101
3	157	0.616789
3	158	0.610517
3	159	0.603605
3	160	0.583893
3	161	0.572112
3	162	0.558986
3	163	0.554058
3	164	0.543794
3	165	0.560171
3	166	0.583824
3	167	0.589854
3	168	0.575970
3	169	0.583187
3	170	0.590549
3	171	0.539567
3	172	0.460254
3	173	0.419206
3	174	0.427531
3	175	0.377807
3	176	0.350327
3	177	0.358156
3	178	0.361696
3	179	0.317185
3	180	0.319179
3	181	0.307977
3	182	0.269420
3	183	0.259250
3	184	0.221292
3	185	0.207889
3	186	0.191958
3	187	0.178318
3	188	0.174266
3	189	0.168176
3	190	0.155004
3	191	0.134166
3	192	0.131790
3	193	0.094320
3	194	0.096419
3	195	0.076191
3	196	0.045178
3	197	0.037949
3	198	0.068698
3	199	0.085755
3	200	0.096792
3	201	0.114913
3	202	0.165272
3	203	0.181797
3	204	0.236121
3	205	0.263359
3	206	0.284969
3	207	0.322776
3	208	0.357930
3	209	0.370175
3	210	0.397048
3	211	0.379510
3	212	0.362839
3	213	0.341784
3	214	0.335001
3	215	0.348143
3	216	0.343527
3	217	0.309403
3	218	0.242555
3	219	0.199425
3	220	0.164060
3	221	0.128901
3	222	0.107595
3	223	0.113152
3	224	0.153832
3	225	0.204602
3	226	0.208302
3	227	0.196323
3	228	0.176509
3	229	0.148314
3	230	0.104651
3	231	0.102217
3	232	0.073070
3	233	0.082391
3	234	0.089602
3	235	0.096674
3	236	0.109143
3	237	0.129135
3	238	0.138307
3	239	0.123739
3	240	0.095660
3	241	0.072331
3	242	0.047886
3	243	0.037327
3	244	0.031298
3	245	0.043836
3	246	0.062692
3	247	0.075353
3	248	0.083806
3	249	0.093962
3	250	0.094524
3	251	0.082672
3	252	0.104377
3	253	0.111990
3	254	0.119953
3	255	0.132972
3	256	0.140428
3	257	0.169107
3	258	0.179740
3	259	0.190198
3	260	0.198531
3	261	0.197051
3	262	0.152954
3	263	0.150404
3	264	0.142886
3	265	0.121008
3	266	0.103163
3	267	0.127021
3	268	0.169642
3	269	0.204878
3	270	0.238877
3	271	0.267232
3	272	0.318367
3	273	0.331558
3	274	0.327151
3	275	0.362947
3	276	0.379552
3	277	0.342582
3	278	0.280348
3	279	0.252122
3	280	0.211125
3	281	0.176885
3	282	0.185514
3	283	0.190435
3	284	0.177907
3	285	0.158025
3	286	0.127557
3	287	0.114914
3	288	0.116184
3	289	0.155749
3	290	0.187574
3	291	0.227166
3	292	0.254519
3	293	0.261718
3	294	0.275203
3	295	0.294277
3	296	0.329015
3	297	0.358876
3	298	0.341732
3	299	0.331966
