trial	time_sec	distance
1	0	5.069111
1	1	5.043233
1	2	4.924514
1	3	4.731170
1	4	4.527456
1	5	4.342032
1	6	4.201606
1	7	4.066026
1	8	3.958781
1	9	3.859384
1	10	3.811725
1	11	3.756267
1	12	3.715603
1	13	3.654124
1	14	3.616864
1	15	3.585682
1	16	3.560110
1	17	3.562468
1	18	3.581040
1	19	3.572979
1	20	3.551167
1	21	3.541504
1	22	3.515297
1	23	3.499354
1	24	3.479417
1	25	3.479179
1	26	3.441590
1	27	3.443934
1	28	3.413674
1	29	3.375338
1	30	3.363314
1	31	3.312411
1	32	3.309762
1	33	3.320149
1	34	3.319855
1	35	3.316086
1	36	3.303732
1	37	3.281581
1	38	3.250470
1	39	3.209070
1	40	3.183049
1	41	3.181928
1	42	3.151445
1	43	3.079554
1	44	3.054293
1	45	3.031984
1	46	3.042807
1	47	3.045940
1	48	3.033885
1	49	3.006557
1	50	2.990690
1	51	2.977044
1	52	2.970297
1	53	2.953704
1	54	2.921023
1	55	2.880763
1	56	2.858815
1	57	2.829880
1	58	2.793562
1	59	2.715094
1	60	2.674881
1	61	2.637726
1	62	2.616353
1	63	2.563355
1	64	2.547641
1	65	2.467210
1	66	2.416198
1	67	2.400065
1	68	2.373838
1	69	2.367777
1	70	2.350950
1	71	2.324430
1	72	2.295699
1	73	2.296960
1	74	2.262368
1	75	2.242753
1	76	2.186478
1	77	2.122249
1	78	2.044034
1	79	1.983945
1	80	1.937235
1	81	1.890552
1	82	1.854873
1	83	1.836458
1	84	1.790388
1	85	1.755743
1	86	1.707608
1	87	1.630492
1	88	1.556340
1	89	1.480635
1	90	1.413044
1	91	1.361737
1	92	1.302101
1	93	1.218398
1	94	1.146263
1	95	1.075655
1	96	0.993798
1	97	0.919022
1	98	0.832987
1	99	0.771076
1	100	0.758160
1	101	0.734491
1	102	0.725999
1	103	0.707296
1	104	0.701474
1	105	0.716878
1	106	0.687731
1	107	0.647985
1	108	0.652223
1	109	0.642853
1	110	0.639486
1	111	0.605663
1	112	0.582836
1	113	0.574482
1	114	0.551480
1	115	0.561980
1	116	0.542678
1	117	0.516217
1	118	0.507766
1	119	0.504610
1	120	0.491725
1	121	0.470309
1	122	0.453651
1	123	0.437206
1	124	0.397736
1	125	0.366472
1	126	0.338482
1	127	0.298251
1	128	0.277580
1	129	0.270514
1	130	0.250738
1	131	0.250821
1	132	0.258414
1	133	0.262265
1	134	0.259247
1	135	0.245498
1	136	0.235042
1	137	0.192931
1	138	0.150182
1	139	0.124747
1	140	0.109023
1	141	0.095043
1	142	0.083831
1	143	0.065476
1	144	0.065560
1	145	0.068053
1	146	0.067977
1	147	0.077300
1	148	0.069747
1	149	0.081028
1	150	0.114641
1	151	0.155745
1	152	0.222166
1	153	0.266290
1	154	0.324303
1	155	0.322765
1	156	0.308039
1	157	0.287663
1	158	0.240265
1	159	0.177532
1	160	0.128121
1	161	0.100261
1	162	0.097425
1	163	0.113482
1	164	0.188801
1	165	0.234414
1	166	0.310715
1	167	0.383536
1	168	0.441304
1	169	0.511050
1	170	0.570250
1	171	0.612168
1	172	0.641410
1	173	0.630512
1	174	0.658358
1	175	0.656801
1	176	0.620546
1	177	0.591312
1	178	0.530020
1	179	0.526679
1	180	0.525058
1	181	0.499606
1	182	0.497822
1	183	0.478059
1	184	0.462965
1	185	0.445888
1	186	0.428857
1	187	0.400790
1	188	0.404865
1	189	0.383085
1	190	0.381861
1	191	0.377310
1	192	0.338690
1	193	0.326876
1	194	0.316400
1	195	0.231723
1	196	0.189655
1	197	0.118987
1	198	0.104059
1	199	0.050556
1	200	0.049842
1	201	0.076105
1	202	0.167353
1	203	0.214843
1	204	0.268928
1	205	0.337260
1	206	0.392435
1	207	0.462883
1	208	0.501647
1	209	0.526122
1	210	0.563943
1	211	0.578231
1	212	0.568151
1	213	0.568711
1	214	0.567617
1	215	0.533147
1	216	0.497247
1	217	0.472537
1	218	0.434074
1	219	0.368767
1	220	0.301028
1	221	0.223477
1	222	0.160602
1	223	0.106527
1	224	0.086686
1	225	0.098722
1	226	0.135211
1	227	0.174075
1	228	0.220140
1	229	0.241718
1	230	0.298705
1	231	0.332703
1	232	0.363882
1	233	0.361079
1	234	0.328969
1	235	0.308557
1	236	0.235787
1	237	0.188959
1	238	0.172633
1	239	0.150392
1	240	0.089584
1	241	0.035934
1	242	0.046371
1	243	0.106018
1	244	0.157262
1	245	0.223745
1	246	0.286871
1	247	0.340473
1	248	0.397699
1	249	0.449398
1	250	0.470485
1	251	0.529813
1	252	0.572619
1	253	0.612984
1	254	0.622610
1	255	0.576228
1	256	0.462744
1	257	0.353081
1	258	0.287974
1	259	0.198884
1	260	0.164213
1	261	0.147874
1	262	0.153619
1	263	0.156942
1	264	0.158156
1	265	0.191045
1	266	0.236046
1	267	0.254793
1	268	0.291199
1	269	0.310902
1	270	0.290411
1	271	0.293157
1	272	0.297491
1	273	0.287175
1	274	0.306736
1	275	0.342696
1	276	0.360246
1	277	0.393104
1	278	0.396920
1	279	0.381770
1	280	0.378225
1	281	0.405299
1	282	0.431359
1	283	0.461625
1	284	0.464748
1	285	0.469900
1	286	0.507203
1	287	0.535195
1	288	0.540661
1	289	0.461744
1	290	0.409016
1	291	0.342280
1	292	0.297425
1	293	0.285669
1	294	0.259081
1	295	0.272269
1	296	0.262857
1	297	0.253066
1	298	0.256425
1	299	0.235894
2	0	5.103392
2	1	5.049253
2	2	4.900287
2	3	4.781842
2	4	4.630544
2	5	4.453053
2	6	4.327376
2	7	4.158326
2	8	4.043273
2	9	3.923594
2	10	3.842844
2	11	3.760951
2	12	3.713233
2	13	3.629286
2	14	3.589571
2	15	3.516517
2	16	3.449174
2	17	3.408884
2	18	3.346448
2	19	3.335021
2	20	3.297699
2	21	3.296850
2	22	3.332563
2	23	3.332604
2	24	3.316963
2	25	3.338399
2	26	3.300350
2	27	3.290627
2	28	3.222549
2	29	3.224501
2	30	3.211580
2	31	3.188429
2	32	3.165078
2	33	3.138105
2	34	3.127488
2	35	3.094286
2	36	3.089248
2	37	3.099467
2	38	3.082679
2	39	3.040916
2	40	3.005218
2	41	3.005553
2	42	2.946188
2	43	2.926608
2	44	2.919294
2	45	2.910805
2	46	2.931701
2	47	2.934812
2	48	2.936226
2	49	2.924575
2	50	2.894273
2	51	2.878928
2	52	2.881391
2	53	2.872245
2	54	2.852471
2	55	2.841550
2	56	2.821963
2	57	2.796183
2	58	2.785010
2	59	2.777199
2	60	2.729297
2	61	2.703080
2	62	2.661752
2	63	2.621994
2	64	2.619176
2	65	2.598510
2	66	2.598740
2	67	2.634313
2	68	2.575520
2	69	2.557201
2	70	2.545728
2	71	2.483956
2	72	2.441531
2	73	2.422794
2	74	2.412796
2	75	2.412249
2	76	2.399290
2	77	2.390248
2	78	2.369789
2	79	2.362049
2	80	2.325148
2	81	2.311423
2	82	2.299971
2	83	2.268403
2	84	2.257536
2	85	2.223818
2	86	2.175179
2	87	2.135539
2	88	2.102334
2	89	2.080711
2	90	2.048367
2	91	2.019992
2	92	1.986840
2	93	1.948728
2	94	1.901790
2	95	1.876627
2	96	1.848334
2	97	1.837004
2	98	1.784515
2	99	1.744066
2	100	1.681017
2	101	1.649081
2	102	1.583499
2	103	1.508635
2	104	1.442308
2	105	1.345917
2	106	1.300208
2	107	1.225060
2	108	1.142295
2	109	1.068162
2	110	0.980652
2	111	0.895651
2	112	0.855705
2	113	0.787989
2	114	0.768325
2	115	0.736596
2	116	0.709726
2	117	0.666714
2	118	0.657708
2	119	0.605804
2	120	0.577084
2	121	0.529038
2	122	0.491714
2	123	0.458677
2	124	0.421249
2	125	0.388461
2	126	0.371699
2	127	0.339033
2	128	0.317828
2	129	0.256133
2	130	0.226487
2	131	0.173706
2	132	0.183221
2	133	0.160671
2	134	0.143702
2	135	0.137809
2	136	0.086729
2	137	0.113471
2	138	0.128756
2	139	0.106358
2	140	0.060719
2	141	0.052214
2	142	0.071505
2	143	0.057303
2	144	0.078881
2	145	0.119143
2	146	0.088655
2	147	0.117099
2	148	0.087027
2	149	0.057513
2	150	0.054642
2	151	0.055614
2	152	0.067437
2	153	0.086484
2	154	0.112765
2	155	0.136849
2	156	0.143504
2	157	0.132377
2	158	0.128939
2	159	0.107824
2	160	0.065249
2	161	0.054077
2	162	0.084605
2	163	0.118383
2	164	0.124825
2	165	0.110509
2	166	0.128677
2	167	0.142759
2	168	0.131564
2	169	0.127193
2	170	0.139675
2	171	0.119001
2	172	0.098588
2	173	0.129583
2	174	0.138772
2	175	0.128773
2	176	0.149387
2	177	0.120452
2	178	0.103560
2	179	0.090825
2	180	0.062741
2	181	0.055416
2	182	0.099036
2	183	0.149882
2	184	0.169438
2	185	0.215632
2	186	0.277098
2	187	0.342975
2	188	0.411105
2	189	0.469786
2	190	0.466425
2	191	0.448080
2	192	0.434499
2	193	0.425273
2	194	0.427173
2	195	0.413618
2	196	0.398715
2	197	0.394851
2	198	0.417735
2	199	0.426687
2	200	0.429057
2	201	0.396033
2	202	0.399401
2	203	0.377200
2	204	0.359028
2	205	0.370468
2	206	0.352498
2	207	0.357689
2	208	0.348964
2	209	0.335818
2	210	0.359472
2	211	0.348332
2	212	0.329184
2	213	0.335542
2	214	0.339433
2	215	0.349611
2	216	0.362583
2	217	0.343394
2	218	0.354253
2	219	0.331102
2	220	0.326639
2	221	0.334059
2	222	0.316800
2	223	0.312442
2	224	0.296298
2	225	0.277044
2	226	0.284439
2	227	0.266648
2	228	0.254691
2	229	0.250822
2	230	0.234240
2	231	0.226271
2	232	0.209697
2	233	0.192995
2	234	0.169922
2	235	0.173610
2	236	0.167713
2	237	0.169069
2	238	0.167088
2	239	0.182472
2	240	0.190550
2	241	0.190884
2	242	0.195284
2	243	0.198217
2	244	0.188922
2	245	0.201178
2	246	0.213810
2	247	0.212543
2	248	0.225483
2	249	0.226726
2	250	0.235193
2	251	0.273087
2	252	0.288610
2	253	0.313714
2	254	0.327296
2	255	0.350904
2	256	0.368549
2	257	0.390680
2	258	0.398835
2	259	0.404133
2	260	0.392879
2	261	0.367712
2	262	0.348001
2	263	0.320009
2	264	0.295245
2	265	0.252773
2	266	0.231105
2	267	0.184096
2	268	0.166099
2	269	0.169496
2	270	0.178334
2	271	0.227154
2	272	0.292655
2	273	0.365138
2	274	0.397397
2	275	0.466490
2	276	0.500767
2	277	0.568608
2	278	0.597841
2	279	0.657528
2	280	0.703521
2	281	0.735635
2	282	0.739541
2	283	0.715815
2	284	0.699563
2	285	0.646267
2	286	0.597407
2	287	0.584518
2	288	0.553539
2	289	0.552689
2	290	0.551002
2	291	0.563797
2	292	0.555744
2	293	0.539997
2	294	0.546367
2	295	0.514710
2	296	0.510585
2	297	0.494807
2	298	0.482136
2	299	0.458933
3	0	4.954940
3	1	4.897368
3	2	4.812061
3	3	4.707959
3	4	4.511474
3	5	4.351433
3	6	4.233797
3	7	4.167468
3	8	4.114232
3	9	4.092818
3	10	4.042714
3	11	3.986269
3	12	3.907764
3	13	3.883642
3	14	3.825398
3	15	3.774788
3	16	3.717807
3	17	3.714021
3	18	3.696050
3	19	3.670344
3	20	3.637518
3	21	3.621358
3	22	3.588138
3	23	3.553267
3	24	3.535355
3	25	3.523625
3	26	3.479871
3	27	3.446420
3	28	3.449942
3	29	3.435055
3	30	3.429474
3	31	3.412921
3	32	3.375751
3	33	3.355678
3	34	3.343402
3	35	3.327877
3	36	3.262658
3	37	3.261877
3	38	3.245813
3	39	3.235402
3	40	3.240069
3	41	3.199818
3	42	3.153045
3	43	3.109024
3	44	3.084634
3	45	3.049204
3	46	3.032603
3	47	3.034041
3	48	3.015325
3	49	2.999699
3	50	3.033322
3	51	3.001075
3	52	2.985321
3	53	2.990265
3	54	3.022467
3	55	3.025230
3	56	3.012964
3	57	2.999112
3	58	2.980084
3	59	2.934828
3	60	2.908707
3	61	2.889711
3	62	2.864108
3	63	2.839383
3	64	2.814007
3	65	2.790728
3	66	2.770833
3	67	2.762644
3	68	2.733886
3	69	2.715955
3	70	2.664011
3	71	2.641213
3	72	2.602857
3	73	2.569865
3	74	2.557402
3	75	2.538498
3	76	2.510626
3	77	2.497321
3	78	2.530488
3	79	2.572536
3	80	2.577979
3	81	2.583167
3	82	2.552751
3	83	2.531206
3	84	2.520579
3	85	2.475921
3	86	2.430075
3	87	2.406554
3	88	2.368790
3	89	2.320771
3	90	2.289279
3	91	2.278413
3	92	2.232454
3	93	2.228944
3	94	2.191958
3	95	2.126934
3	96	2.056163
3	97	1.990064
3	98	1.893978
3	99	1.806600
3	100	1.726621
3	101	1.630901
3	102	1.530557
3	103	1.437461
3	104	1.343883
3	105	1.256560
3	106	1.199938
3	107	1.139235
3	108	1.032942
3	109	0.949311
3	110	0.874076
3	111	0.778585
3	112	0.725536
3	113	0.655112
3	114	0.615806
3	115	0.550515
3	116	0.492890
3	117	0.423176
3	118	0.405092
3	119	0.361349
3	120	0.334322
3	121	0.350809
3	122	0.309930
3	123	0.322428
3	124	0.299780
3	125	0.306660
3	126	0.296567
3	127	0.326953
3	128	0.345609
3	129	0.349161
3	130	0.348434
3	131	0.386746
3	132	0.406260
3	133	0.401438
3	134	0.383015
3	135	0.344725
3	136	0.373751
3	137	0.361616
3	138	0.371796
3	139	0.323851
3	140	0.338347
3	141	0.327502
3	142	0.331038
3	143	0.312814
3	144	0.303106
3	145	0.287120
3	146	0.329415
3	147	0.373652
3	148	0.356503
3	149	0.307612
3	150	0.305648
3	151	0.308832
3	152	0.290491
3	153	0.242967
3	154	0.219196
3	155	0.187547
3	156	0.148510
3	157	0.171325
3	158	0.197169
3	159	0.231918
3	160	0.279224
3	161	0.318400
3	162	0.369168
3	163	0.353230
3	164	0.342788
3	165	0.345478
3	166	0.299625
3	167	0.277799
3	168	0.261217
3	169	0.235322
3	170	0.199265
3	171	0.156664
3	172	0.118720
3	173	0.098827
3	174	0.065910
3	175	0.052299
3	176	0.106928
3	177	0.171104
3	178	0.204629
3	179	0.270879
3	180	0.314762
3	181	0.377241
3	182	0.425907
3	183	0.447358
3	184	0.433367
3	185	0.435399
3	186	0.407783
3	187	0.394011
3	188	0.327353
3	189	0.315078
3	190	0.273344
3	191	0.256796
3	192	0.218037
3	193	0.225245
3	194	0.210976
3	195	0.225692
3	196	0.267045
3	197	0.279404
3	198	0.290370
3	199	0.309838
3	200	0.332365
3	201	0.366679
3	202	0.391722
3	203	0.374663
3	204	0.372723
3	205	0.349956
3	206	0.313509
3	207	0.246678
3	208	0.249445
3	209	0.256681
3	210	0.242448
3	211	0.256102
3	212	0.253126
3	213	0.254840
3	214	0.243731
3	215	0.285647
3	216	0.291693
3	217	0.286443
3	218	0.287287
3	219	0.249942
3	220	0.223521
3	221	0.203814
3	222	0.148905
3	223	0.152737
3	224	0.156988
3	225	0.142015
3	226	0.074753
3	227	0.032771
3	228	0.032748
3	229	0.051818
3	230	0.101943
3	231	0.096869
3	232	0.103608
3	233	0.116839
3	234	0.144451
3	235	0.165374
3	236	0.165934
3	237	0.187795
3	238	0.210902
3	239	0.215943
3	240	0.183116
3	241	0.204109
3	242	0.210962
3	243	0.194789
3	244	0.212009
3	245	0.202640
3	246	0.192872
3	247	0.207966
3	248	0.229430
3	249	0.239760
3	250	0.231803
3	251	0.194140
3	252	0.157660
3	253	0.131688
3	254	0.140820
3	255	0.164588
3	256	0.201132
3	257	0.237997
3	258	0.271044
3	259	0.316733
3	260	0.353069
3	261	0.404181
3	262	0.430657
3	263	0.454491
3	264	0.455766
3	265	0.450040
3	266	0.430385
3	267	0.402145
3	268	0.363478
3	269	0.327414
3	270	0.290504
3	271	0.290548
3	272	0.270073
3	273	0.263004
3	274	0.268323
3	275	0.297676
3	276	0.278877
3	277	0.270268
3	278	0.304639
3	279	0.286174
3	280	0.247439
3	281	0.231848
3	282	0.239337
3	283	0.224404
3	284	0.216647
3	285	0.227430
3	286	0.259428
3	287	0.291563
3	288	0.332795
3	289	0.366333
3	290	0.394396
3	291	0.423422
3	292	0.439065
3	293	0.434622
3	294	0.456583
3	295	0.461266
3	296	0.456242
3	297	0.456886
3	298	0.442906
3	299	0.423180
